dev  cuda
torch  True
dev summ_model 2:  cuda:0
batch_size  3
num_beams  3
BSFT input ids  tensor([[2],
        [2],
        [2],
        [2],
        [2],
        [2],
        [2],
        [2],
        [2]], device='cuda:0')
BSFT model_inputs:  None   BaseModelOutput(last_hidden_state=tensor([[[-2.5272e-03,  3.6527e-02,  1.7901e-02,  ...,  1.1135e-02,
          -2.2884e-03, -2.9418e-03],
         [-6.8607e-02,  1.9765e-01,  1.6544e-01,  ...,  3.6815e-02,
           4.9250e-02, -1.7402e-03],
         [ 1.0146e-01,  1.0406e-02,  6.0448e-01,  ..., -3.7020e-02,
          -1.1037e-01, -1.1018e-01],
         ...,
         [-1.6875e-01, -9.8480e-02, -6.0634e-01,  ...,  4.1635e-02,
           4.2197e-02,  7.7572e-02],
         [-2.5275e-03,  3.6524e-02,  1.7864e-02,  ...,  1.1132e-02,
          -2.2845e-03, -2.9360e-03],
         [-2.5248e-03,  3.6522e-02,  1.7841e-02,  ...,  1.1133e-02,
          -2.2846e-03, -2.9331e-03]],

        [[-2.5272e-03,  3.6527e-02,  1.7901e-02,  ...,  1.1135e-02,
          -2.2884e-03, -2.9418e-03],
         [-6.8607e-02,  1.9765e-01,  1.6544e-01,  ...,  3.6815e-02,
           4.9250e-02, -1.7402e-03],
         [ 1.0146e-01,  1.0406e-02,  6.0448e-01,  ..., -3.7020e-02,
          -1.1037e-01, -1.1018e-01],
         ...,
         [-1.6875e-01, -9.8480e-02, -6.0634e-01,  ...,  4.1635e-02,
           4.2197e-02,  7.7572e-02],
         [-2.5275e-03,  3.6524e-02,  1.7864e-02,  ...,  1.1132e-02,
          -2.2845e-03, -2.9360e-03],
         [-2.5248e-03,  3.6522e-02,  1.7841e-02,  ...,  1.1133e-02,
          -2.2846e-03, -2.9331e-03]],

        [[-2.5272e-03,  3.6527e-02,  1.7901e-02,  ...,  1.1135e-02,
          -2.2884e-03, -2.9418e-03],
         [-6.8607e-02,  1.9765e-01,  1.6544e-01,  ...,  3.6815e-02,
           4.9250e-02, -1.7402e-03],
         [ 1.0146e-01,  1.0406e-02,  6.0448e-01,  ..., -3.7020e-02,
          -1.1037e-01, -1.1018e-01],
         ...,
         [-1.6875e-01, -9.8480e-02, -6.0634e-01,  ...,  4.1635e-02,
           4.2197e-02,  7.7572e-02],
         [-2.5275e-03,  3.6524e-02,  1.7864e-02,  ...,  1.1132e-02,
          -2.2845e-03, -2.9360e-03],
         [-2.5248e-03,  3.6522e-02,  1.7841e-02,  ...,  1.1133e-02,
          -2.2846e-03, -2.9331e-03]],

        ...,

        [[ 3.0308e-04,  3.8306e-02,  2.5054e-02,  ...,  6.1209e-03,
           4.0625e-03, -4.0226e-03],
         [ 2.4297e-01, -1.0471e-02,  9.0203e-02,  ..., -4.3656e-02,
          -1.4243e-01,  2.5435e-01],
         [ 1.8131e-01, -9.5611e-03,  3.1960e-01,  ...,  8.2019e-02,
          -2.1355e-01,  1.6428e-01],
         ...,
         [ 2.1887e-01, -1.3172e-01, -2.1343e-01,  ..., -1.0350e-01,
           1.9653e-01, -2.3992e-01],
         [ 1.0552e-01,  4.6459e-01, -5.4493e-01,  ...,  1.5862e-01,
           1.3168e-01, -1.5313e-01],
         [ 1.0868e-01,  3.1753e-01,  1.1656e-02,  ..., -2.2094e-02,
          -4.7279e-02,  5.2755e-03]],

        [[ 3.0308e-04,  3.8306e-02,  2.5054e-02,  ...,  6.1209e-03,
           4.0625e-03, -4.0226e-03],
         [ 2.4297e-01, -1.0471e-02,  9.0203e-02,  ..., -4.3656e-02,
          -1.4243e-01,  2.5435e-01],
         [ 1.8131e-01, -9.5611e-03,  3.1960e-01,  ...,  8.2019e-02,
          -2.1355e-01,  1.6428e-01],
         ...,
         [ 2.1887e-01, -1.3172e-01, -2.1343e-01,  ..., -1.0350e-01,
           1.9653e-01, -2.3992e-01],
         [ 1.0552e-01,  4.6459e-01, -5.4493e-01,  ...,  1.5862e-01,
           1.3168e-01, -1.5313e-01],
         [ 1.0868e-01,  3.1753e-01,  1.1656e-02,  ..., -2.2094e-02,
          -4.7279e-02,  5.2755e-03]],

        [[ 3.0308e-04,  3.8306e-02,  2.5054e-02,  ...,  6.1209e-03,
           4.0625e-03, -4.0226e-03],
         [ 2.4297e-01, -1.0471e-02,  9.0203e-02,  ..., -4.3656e-02,
          -1.4243e-01,  2.5435e-01],
         [ 1.8131e-01, -9.5611e-03,  3.1960e-01,  ...,  8.2019e-02,
          -2.1355e-01,  1.6428e-01],
         ...,
         [ 2.1887e-01, -1.3172e-01, -2.1343e-01,  ..., -1.0350e-01,
           1.9653e-01, -2.3992e-01],
         [ 1.0552e-01,  4.6459e-01, -5.4493e-01,  ...,  1.5862e-01,
           1.3168e-01, -1.5313e-01],
         [ 1.0868e-01,  3.1753e-01,  1.1656e-02,  ..., -2.2094e-02,
          -4.7279e-02,  5.2755e-03]]], device='cuda:0'), hidden_states=None, attentions=None)   tensor([[1, 1, 1,  ..., 0, 0, 0],
        [1, 1, 1,  ..., 0, 0, 0],
        [1, 1, 1,  ..., 0, 0, 0],
        ...,
        [1, 1, 1,  ..., 1, 1, 1],
        [1, 1, 1,  ..., 1, 1, 1],
        [1, 1, 1,  ..., 1, 1, 1]], device='cuda:0')   None   None   None   None  
BSFT OUTPUT:  tensor([[[-7.2452,  1.5423,  0.9465,  ...,  1.9194,  2.3158,  2.2262]],

        [[-7.2452,  1.5423,  0.9465,  ...,  1.9194,  2.3158,  2.2262]],

        [[-7.2452,  1.5423,  0.9465,  ...,  1.9194,  2.3158,  2.2262]],

        ...,

        [[-7.3889,  1.2216,  0.7315,  ...,  2.1358,  1.9082,  2.1180]],

        [[-7.3889,  1.2216,  0.7315,  ...,  2.1358,  1.9082,  2.1180]],

        [[-7.3889,  1.2216,  0.7315,  ...,  2.1358,  1.9082,  2.1180]]],
       device='cuda:0')
dict_keys(['use_cache', 'attention_mask', 'encoder_outputs', 'past'])
curlen  1
BSFT input ids  tensor([[    2, 12815],
        [    2,  9089],
        [    2, 21169],
        [    2,   448],
        [    2, 12815],
        [    2, 24671],
        [    2,   133],
        [    2, 24270],
        [    2,   250]], device='cuda:0')
BSFT model_inputs:  None   BaseModelOutput(last_hidden_state=tensor([[[-2.5272e-03,  3.6527e-02,  1.7901e-02,  ...,  1.1135e-02,
          -2.2884e-03, -2.9418e-03],
         [-6.8607e-02,  1.9765e-01,  1.6544e-01,  ...,  3.6815e-02,
           4.9250e-02, -1.7402e-03],
         [ 1.0146e-01,  1.0406e-02,  6.0448e-01,  ..., -3.7020e-02,
          -1.1037e-01, -1.1018e-01],
         ...,
         [-1.6875e-01, -9.8480e-02, -6.0634e-01,  ...,  4.1635e-02,
           4.2197e-02,  7.7572e-02],
         [-2.5275e-03,  3.6524e-02,  1.7864e-02,  ...,  1.1132e-02,
          -2.2845e-03, -2.9360e-03],
         [-2.5248e-03,  3.6522e-02,  1.7841e-02,  ...,  1.1133e-02,
          -2.2846e-03, -2.9331e-03]],

        [[-2.5272e-03,  3.6527e-02,  1.7901e-02,  ...,  1.1135e-02,
          -2.2884e-03, -2.9418e-03],
         [-6.8607e-02,  1.9765e-01,  1.6544e-01,  ...,  3.6815e-02,
           4.9250e-02, -1.7402e-03],
         [ 1.0146e-01,  1.0406e-02,  6.0448e-01,  ..., -3.7020e-02,
          -1.1037e-01, -1.1018e-01],
         ...,
         [-1.6875e-01, -9.8480e-02, -6.0634e-01,  ...,  4.1635e-02,
           4.2197e-02,  7.7572e-02],
         [-2.5275e-03,  3.6524e-02,  1.7864e-02,  ...,  1.1132e-02,
          -2.2845e-03, -2.9360e-03],
         [-2.5248e-03,  3.6522e-02,  1.7841e-02,  ...,  1.1133e-02,
          -2.2846e-03, -2.9331e-03]],

        [[-2.5272e-03,  3.6527e-02,  1.7901e-02,  ...,  1.1135e-02,
          -2.2884e-03, -2.9418e-03],
         [-6.8607e-02,  1.9765e-01,  1.6544e-01,  ...,  3.6815e-02,
           4.9250e-02, -1.7402e-03],
         [ 1.0146e-01,  1.0406e-02,  6.0448e-01,  ..., -3.7020e-02,
          -1.1037e-01, -1.1018e-01],
         ...,
         [-1.6875e-01, -9.8480e-02, -6.0634e-01,  ...,  4.1635e-02,
           4.2197e-02,  7.7572e-02],
         [-2.5275e-03,  3.6524e-02,  1.7864e-02,  ...,  1.1132e-02,
          -2.2845e-03, -2.9360e-03],
         [-2.5248e-03,  3.6522e-02,  1.7841e-02,  ...,  1.1133e-02,
          -2.2846e-03, -2.9331e-03]],

        ...,

        [[ 3.0308e-04,  3.8306e-02,  2.5054e-02,  ...,  6.1209e-03,
           4.0625e-03, -4.0226e-03],
         [ 2.4297e-01, -1.0471e-02,  9.0203e-02,  ..., -4.3656e-02,
          -1.4243e-01,  2.5435e-01],
         [ 1.8131e-01, -9.5611e-03,  3.1960e-01,  ...,  8.2019e-02,
          -2.1355e-01,  1.6428e-01],
         ...,
         [ 2.1887e-01, -1.3172e-01, -2.1343e-01,  ..., -1.0350e-01,
           1.9653e-01, -2.3992e-01],
         [ 1.0552e-01,  4.6459e-01, -5.4493e-01,  ...,  1.5862e-01,
           1.3168e-01, -1.5313e-01],
         [ 1.0868e-01,  3.1753e-01,  1.1656e-02,  ..., -2.2094e-02,
          -4.7279e-02,  5.2755e-03]],

        [[ 3.0308e-04,  3.8306e-02,  2.5054e-02,  ...,  6.1209e-03,
           4.0625e-03, -4.0226e-03],
         [ 2.4297e-01, -1.0471e-02,  9.0203e-02,  ..., -4.3656e-02,
          -1.4243e-01,  2.5435e-01],
         [ 1.8131e-01, -9.5611e-03,  3.1960e-01,  ...,  8.2019e-02,
          -2.1355e-01,  1.6428e-01],
         ...,
         [ 2.1887e-01, -1.3172e-01, -2.1343e-01,  ..., -1.0350e-01,
           1.9653e-01, -2.3992e-01],
         [ 1.0552e-01,  4.6459e-01, -5.4493e-01,  ...,  1.5862e-01,
           1.3168e-01, -1.5313e-01],
         [ 1.0868e-01,  3.1753e-01,  1.1656e-02,  ..., -2.2094e-02,
          -4.7279e-02,  5.2755e-03]],

        [[ 3.0308e-04,  3.8306e-02,  2.5054e-02,  ...,  6.1209e-03,
           4.0625e-03, -4.0226e-03],
         [ 2.4297e-01, -1.0471e-02,  9.0203e-02,  ..., -4.3656e-02,
          -1.4243e-01,  2.5435e-01],
         [ 1.8131e-01, -9.5611e-03,  3.1960e-01,  ...,  8.2019e-02,
          -2.1355e-01,  1.6428e-01],
         ...,
         [ 2.1887e-01, -1.3172e-01, -2.1343e-01,  ..., -1.0350e-01,
           1.9653e-01, -2.3992e-01],
         [ 1.0552e-01,  4.6459e-01, -5.4493e-01,  ...,  1.5862e-01,
           1.3168e-01, -1.5313e-01],
         [ 1.0868e-01,  3.1753e-01,  1.1656e-02,  ..., -2.2094e-02,
          -4.7279e-02,  5.2755e-03]]], device='cuda:0'), hidden_states=None, attentions=None)   tensor([[1, 1, 1,  ..., 0, 0, 0],
        [1, 1, 1,  ..., 0, 0, 0],
        [1, 1, 1,  ..., 0, 0, 0],
        ...,
        [1, 1, 1,  ..., 1, 1, 1],
        [1, 1, 1,  ..., 1, 1, 1],
        [1, 1, 1,  ..., 1, 1, 1]], device='cuda:0')   None   None   None   None  
BSFT OUTPUT:  tensor([[[ -3.3962,   1.0102,   1.1381,  ...,   0.5782,   0.7137,   0.7902]],

        [[ -1.7632,   0.5739,   1.7964,  ...,  -0.0466,   0.3764,   0.2655]],

        [[ -3.0300,   0.5017,   3.6659,  ...,   0.5446,   0.5617,   0.1759]],

        ...,

        [[ -2.8213,   0.7966,   1.7018,  ...,   0.9495,   1.0866,   0.7813]],

        [[ -3.3733,   0.3020,   3.6113,  ...,   0.0610,   0.0229,  -0.2216]],

        [[-11.0504,   0.8274,   0.6022,  ...,   0.9263,   1.1564,   1.4621]]],
       device='cuda:0')
dict_keys(['use_cache', 'attention_mask', 'encoder_outputs', 'past'])
curlen  2
BSFT input ids  tensor([[    2, 12815,  1156],
        [    2, 12815,  2275],
        [    2,  9089,    12],
        [    2,   448, 40741],
        [    2, 12815,  1221],
        [    2, 24671, 21723],
        [    2, 24270,   468],
        [    2,   133, 12070],
        [    2,   133,  5893]], device='cuda:0')
BSFT model_inputs:  None   BaseModelOutput(last_hidden_state=tensor([[[-2.5272e-03,  3.6527e-02,  1.7901e-02,  ...,  1.1135e-02,
          -2.2884e-03, -2.9418e-03],
         [-6.8607e-02,  1.9765e-01,  1.6544e-01,  ...,  3.6815e-02,
           4.9250e-02, -1.7402e-03],
         [ 1.0146e-01,  1.0406e-02,  6.0448e-01,  ..., -3.7020e-02,
          -1.1037e-01, -1.1018e-01],
         ...,
         [-1.6875e-01, -9.8480e-02, -6.0634e-01,  ...,  4.1635e-02,
           4.2197e-02,  7.7572e-02],
         [-2.5275e-03,  3.6524e-02,  1.7864e-02,  ...,  1.1132e-02,
          -2.2845e-03, -2.9360e-03],
         [-2.5248e-03,  3.6522e-02,  1.7841e-02,  ...,  1.1133e-02,
          -2.2846e-03, -2.9331e-03]],

        [[-2.5272e-03,  3.6527e-02,  1.7901e-02,  ...,  1.1135e-02,
          -2.2884e-03, -2.9418e-03],
         [-6.8607e-02,  1.9765e-01,  1.6544e-01,  ...,  3.6815e-02,
           4.9250e-02, -1.7402e-03],
         [ 1.0146e-01,  1.0406e-02,  6.0448e-01,  ..., -3.7020e-02,
          -1.1037e-01, -1.1018e-01],
         ...,
         [-1.6875e-01, -9.8480e-02, -6.0634e-01,  ...,  4.1635e-02,
           4.2197e-02,  7.7572e-02],
         [-2.5275e-03,  3.6524e-02,  1.7864e-02,  ...,  1.1132e-02,
          -2.2845e-03, -2.9360e-03],
         [-2.5248e-03,  3.6522e-02,  1.7841e-02,  ...,  1.1133e-02,
          -2.2846e-03, -2.9331e-03]],

        [[-2.5272e-03,  3.6527e-02,  1.7901e-02,  ...,  1.1135e-02,
          -2.2884e-03, -2.9418e-03],
         [-6.8607e-02,  1.9765e-01,  1.6544e-01,  ...,  3.6815e-02,
           4.9250e-02, -1.7402e-03],
         [ 1.0146e-01,  1.0406e-02,  6.0448e-01,  ..., -3.7020e-02,
          -1.1037e-01, -1.1018e-01],
         ...,
         [-1.6875e-01, -9.8480e-02, -6.0634e-01,  ...,  4.1635e-02,
           4.2197e-02,  7.7572e-02],
         [-2.5275e-03,  3.6524e-02,  1.7864e-02,  ...,  1.1132e-02,
          -2.2845e-03, -2.9360e-03],
         [-2.5248e-03,  3.6522e-02,  1.7841e-02,  ...,  1.1133e-02,
          -2.2846e-03, -2.9331e-03]],

        ...,

        [[ 3.0308e-04,  3.8306e-02,  2.5054e-02,  ...,  6.1209e-03,
           4.0625e-03, -4.0226e-03],
         [ 2.4297e-01, -1.0471e-02,  9.0203e-02,  ..., -4.3656e-02,
          -1.4243e-01,  2.5435e-01],
         [ 1.8131e-01, -9.5611e-03,  3.1960e-01,  ...,  8.2019e-02,
          -2.1355e-01,  1.6428e-01],
         ...,
         [ 2.1887e-01, -1.3172e-01, -2.1343e-01,  ..., -1.0350e-01,
           1.9653e-01, -2.3992e-01],
         [ 1.0552e-01,  4.6459e-01, -5.4493e-01,  ...,  1.5862e-01,
           1.3168e-01, -1.5313e-01],
         [ 1.0868e-01,  3.1753e-01,  1.1656e-02,  ..., -2.2094e-02,
          -4.7279e-02,  5.2755e-03]],

        [[ 3.0308e-04,  3.8306e-02,  2.5054e-02,  ...,  6.1209e-03,
           4.0625e-03, -4.0226e-03],
         [ 2.4297e-01, -1.0471e-02,  9.0203e-02,  ..., -4.3656e-02,
          -1.4243e-01,  2.5435e-01],
         [ 1.8131e-01, -9.5611e-03,  3.1960e-01,  ...,  8.2019e-02,
          -2.1355e-01,  1.6428e-01],
         ...,
         [ 2.1887e-01, -1.3172e-01, -2.1343e-01,  ..., -1.0350e-01,
           1.9653e-01, -2.3992e-01],
         [ 1.0552e-01,  4.6459e-01, -5.4493e-01,  ...,  1.5862e-01,
           1.3168e-01, -1.5313e-01],
         [ 1.0868e-01,  3.1753e-01,  1.1656e-02,  ..., -2.2094e-02,
          -4.7279e-02,  5.2755e-03]],

        [[ 3.0308e-04,  3.8306e-02,  2.5054e-02,  ...,  6.1209e-03,
           4.0625e-03, -4.0226e-03],
         [ 2.4297e-01, -1.0471e-02,  9.0203e-02,  ..., -4.3656e-02,
          -1.4243e-01,  2.5435e-01],
         [ 1.8131e-01, -9.5611e-03,  3.1960e-01,  ...,  8.2019e-02,
          -2.1355e-01,  1.6428e-01],
         ...,
         [ 2.1887e-01, -1.3172e-01, -2.1343e-01,  ..., -1.0350e-01,
           1.9653e-01, -2.3992e-01],
         [ 1.0552e-01,  4.6459e-01, -5.4493e-01,  ...,  1.5862e-01,
           1.3168e-01, -1.5313e-01],
         [ 1.0868e-01,  3.1753e-01,  1.1656e-02,  ..., -2.2094e-02,
          -4.7279e-02,  5.2755e-03]]], device='cuda:0'), hidden_states=None, attentions=None)   tensor([[1, 1, 1,  ..., 0, 0, 0],
        [1, 1, 1,  ..., 0, 0, 0],
        [1, 1, 1,  ..., 0, 0, 0],
        ...,
        [1, 1, 1,  ..., 1, 1, 1],
        [1, 1, 1,  ..., 1, 1, 1],
        [1, 1, 1,  ..., 1, 1, 1]], device='cuda:0')   None   None   None   None  
BSFT OUTPUT:  tensor([[[-1.8814,  0.9403,  2.0644,  ...,  0.4596,  0.8441,  0.5730]],

        [[-4.4603,  0.6232,  2.9560,  ...,  0.5878,  0.5808,  0.5382]],

        [[-0.2831,  1.9474,  3.5558,  ...,  1.6653,  1.7214,  1.9416]],

        ...,

        [[-0.2579,  0.6180,  3.2355,  ..., -0.4747,  0.5323,  0.1421]],

        [[-1.4583,  0.0953,  3.0836,  ...,  0.2578,  0.1554,  0.2344]],

        [[-0.9937,  0.1625,  3.6193,  ...,  0.3573,  0.2400,  0.4438]]],
       device='cuda:0')
dict_keys(['use_cache', 'attention_mask', 'encoder_outputs', 'past'])
curlen  3
BSFT input ids  tensor([[    2, 12815,  2275,   815],
        [    2, 12815,  1156, 19931],
        [    2, 12815,  1156,     8],
        [    2,   448, 40741,  3463],
        [    2, 12815,  1221,  8142],
        [    2, 12815,  1221,  4500],
        [    2, 24270,   468, 10149],
        [    2,   133, 12070,     9],
        [    2,   133,  5893,     8]], device='cuda:0')
BSFT model_inputs:  None   BaseModelOutput(last_hidden_state=tensor([[[-2.5272e-03,  3.6527e-02,  1.7901e-02,  ...,  1.1135e-02,
          -2.2884e-03, -2.9418e-03],
         [-6.8607e-02,  1.9765e-01,  1.6544e-01,  ...,  3.6815e-02,
           4.9250e-02, -1.7402e-03],
         [ 1.0146e-01,  1.0406e-02,  6.0448e-01,  ..., -3.7020e-02,
          -1.1037e-01, -1.1018e-01],
         ...,
         [-1.6875e-01, -9.8480e-02, -6.0634e-01,  ...,  4.1635e-02,
           4.2197e-02,  7.7572e-02],
         [-2.5275e-03,  3.6524e-02,  1.7864e-02,  ...,  1.1132e-02,
          -2.2845e-03, -2.9360e-03],
         [-2.5248e-03,  3.6522e-02,  1.7841e-02,  ...,  1.1133e-02,
          -2.2846e-03, -2.9331e-03]],

        [[-2.5272e-03,  3.6527e-02,  1.7901e-02,  ...,  1.1135e-02,
          -2.2884e-03, -2.9418e-03],
         [-6.8607e-02,  1.9765e-01,  1.6544e-01,  ...,  3.6815e-02,
           4.9250e-02, -1.7402e-03],
         [ 1.0146e-01,  1.0406e-02,  6.0448e-01,  ..., -3.7020e-02,
          -1.1037e-01, -1.1018e-01],
         ...,
         [-1.6875e-01, -9.8480e-02, -6.0634e-01,  ...,  4.1635e-02,
           4.2197e-02,  7.7572e-02],
         [-2.5275e-03,  3.6524e-02,  1.7864e-02,  ...,  1.1132e-02,
          -2.2845e-03, -2.9360e-03],
         [-2.5248e-03,  3.6522e-02,  1.7841e-02,  ...,  1.1133e-02,
          -2.2846e-03, -2.9331e-03]],

        [[-2.5272e-03,  3.6527e-02,  1.7901e-02,  ...,  1.1135e-02,
          -2.2884e-03, -2.9418e-03],
         [-6.8607e-02,  1.9765e-01,  1.6544e-01,  ...,  3.6815e-02,
           4.9250e-02, -1.7402e-03],
         [ 1.0146e-01,  1.0406e-02,  6.0448e-01,  ..., -3.7020e-02,
          -1.1037e-01, -1.1018e-01],
         ...,
         [-1.6875e-01, -9.8480e-02, -6.0634e-01,  ...,  4.1635e-02,
           4.2197e-02,  7.7572e-02],
         [-2.5275e-03,  3.6524e-02,  1.7864e-02,  ...,  1.1132e-02,
          -2.2845e-03, -2.9360e-03],
         [-2.5248e-03,  3.6522e-02,  1.7841e-02,  ...,  1.1133e-02,
          -2.2846e-03, -2.9331e-03]],

        ...,

        [[ 3.0308e-04,  3.8306e-02,  2.5054e-02,  ...,  6.1209e-03,
           4.0625e-03, -4.0226e-03],
         [ 2.4297e-01, -1.0471e-02,  9.0203e-02,  ..., -4.3656e-02,
          -1.4243e-01,  2.5435e-01],
         [ 1.8131e-01, -9.5611e-03,  3.1960e-01,  ...,  8.2019e-02,
          -2.1355e-01,  1.6428e-01],
         ...,
         [ 2.1887e-01, -1.3172e-01, -2.1343e-01,  ..., -1.0350e-01,
           1.9653e-01, -2.3992e-01],
         [ 1.0552e-01,  4.6459e-01, -5.4493e-01,  ...,  1.5862e-01,
           1.3168e-01, -1.5313e-01],
         [ 1.0868e-01,  3.1753e-01,  1.1656e-02,  ..., -2.2094e-02,
          -4.7279e-02,  5.2755e-03]],

        [[ 3.0308e-04,  3.8306e-02,  2.5054e-02,  ...,  6.1209e-03,
           4.0625e-03, -4.0226e-03],
         [ 2.4297e-01, -1.0471e-02,  9.0203e-02,  ..., -4.3656e-02,
          -1.4243e-01,  2.5435e-01],
         [ 1.8131e-01, -9.5611e-03,  3.1960e-01,  ...,  8.2019e-02,
          -2.1355e-01,  1.6428e-01],
         ...,
         [ 2.1887e-01, -1.3172e-01, -2.1343e-01,  ..., -1.0350e-01,
           1.9653e-01, -2.3992e-01],
         [ 1.0552e-01,  4.6459e-01, -5.4493e-01,  ...,  1.5862e-01,
           1.3168e-01, -1.5313e-01],
         [ 1.0868e-01,  3.1753e-01,  1.1656e-02,  ..., -2.2094e-02,
          -4.7279e-02,  5.2755e-03]],

        [[ 3.0308e-04,  3.8306e-02,  2.5054e-02,  ...,  6.1209e-03,
           4.0625e-03, -4.0226e-03],
         [ 2.4297e-01, -1.0471e-02,  9.0203e-02,  ..., -4.3656e-02,
          -1.4243e-01,  2.5435e-01],
         [ 1.8131e-01, -9.5611e-03,  3.1960e-01,  ...,  8.2019e-02,
          -2.1355e-01,  1.6428e-01],
         ...,
         [ 2.1887e-01, -1.3172e-01, -2.1343e-01,  ..., -1.0350e-01,
           1.9653e-01, -2.3992e-01],
         [ 1.0552e-01,  4.6459e-01, -5.4493e-01,  ...,  1.5862e-01,
           1.3168e-01, -1.5313e-01],
         [ 1.0868e-01,  3.1753e-01,  1.1656e-02,  ..., -2.2094e-02,
          -4.7279e-02,  5.2755e-03]]], device='cuda:0'), hidden_states=None, attentions=None)   tensor([[1, 1, 1,  ..., 0, 0, 0],
        [1, 1, 1,  ..., 0, 0, 0],
        [1, 1, 1,  ..., 0, 0, 0],
        ...,
        [1, 1, 1,  ..., 1, 1, 1],
        [1, 1, 1,  ..., 1, 1, 1],
        [1, 1, 1,  ..., 1, 1, 1]], device='cuda:0')   None   None   None   None  
BSFT OUTPUT:  tensor([[[-1.7485,  0.9352,  2.5372,  ...,  0.6379,  0.8151,  0.8790]],

        [[-3.3739,  0.6862,  2.3515,  ...,  0.3203,  0.7983,  0.2024]],

        [[-9.1896,  1.0904,  1.2712,  ...,  0.7932,  0.8913,  0.6815]],

        ...,

        [[-5.6980,  0.2043,  2.4273,  ...,  0.1192,  0.2753,  0.4232]],

        [[ 0.2949,  0.8732,  2.7606,  ...,  0.3266,  0.0508, -0.1369]],

        [[-0.6534,  0.9943,  2.6059,  ...,  1.1590,  0.8744,  1.1310]]],
       device='cuda:0')
dict_keys(['use_cache', 'attention_mask', 'encoder_outputs', 'past'])
curlen  4
BSFT input ids  tensor([[    2, 12815,  1156, 19931,  1960],
        [    2, 12815,  2275,   815, 19931],
        [    2, 12815,  1156,     8,  2000],
        [    2,   448, 40741,  3463,  8142],
        [    2, 12815,  1221,  8142,   397],
        [    2,   448, 40741,  3463,    18],
        [    2,   133, 12070,     9,  6912],
        [    2, 24270,   468, 10149,    34],
        [    2, 24270,   468, 10149,    16]], device='cuda:0')
dict_keys(['use_cache', 'attention_mask', 'encoder_outputs', 'past'])
curlen  5
BSFT input ids  tensor([[    2, 12815,  1156, 19931,  1960, 33270],
        [    2, 12815,  2275,   815, 19931,  1960],
        [    2, 12815,  1156,     8,  2000, 19931],
        [    2,   448, 40741,  3463,  8142,   397],
        [    2, 12815,  1221,  8142,   397,  3086],
        [    2,   448, 40741,  3463,    18,   320],
        [    2,   133, 12070,     9,  6912,    34],
        [    2, 24270,   468, 10149,    34,  1027],
        [    2, 24270,   468, 10149,    34,   703]], device='cuda:0')
dict_keys(['use_cache', 'attention_mask', 'encoder_outputs', 'past'])
curlen  6
BSFT input ids  tensor([[    2, 12815,  1156, 19931,  1960, 33270,  2359],
        [    2, 12815,  2275,   815, 19931,  1960, 33270],
        [    2, 12815,  1156,     8,  2000, 19931,  1960],
        [    2,   448, 40741,  3463,  8142,   397,  3086],
        [    2, 12815,  1221,  8142,   397,  3086, 21723],
        [    2,   448, 40741,  3463,    18,   320,  1221],
        [    2,   133, 12070,     9,  6912,    34,    57],
        [    2, 24270,   468, 10149,    34,  1027,    10],
        [    2, 24270,   468, 10149,    34,  1027,     5]], device='cuda:0')
dict_keys(['use_cache', 'attention_mask', 'encoder_outputs', 'past'])
curlen  7
BSFT input ids  tensor([[    2, 12815,  2275,   815, 19931,  1960, 33270,  2359],
        [    2, 12815,  1156, 19931,  1960, 33270,  2359,    34],
        [    2, 12815,  1156, 19931,  1960, 33270,  2359,    16],
        [    2,   448, 40741,  3463,  8142,   397,  3086, 21723],
        [    2, 12815,  1221,  8142,   397,  3086, 21723,   293],
        [    2,   448, 40741,  3463,    18,   320,  1221,  8142],
        [    2,   133, 12070,     9,  6912,    34,    57, 16372],
        [    2, 24270,   468, 10149,    34,  1027,     5,    78],
        [    2,   133, 12070,     9,  6912,    34,    57,  3520]],
       device='cuda:0')
dict_keys(['use_cache', 'attention_mask', 'encoder_outputs', 'past'])
curlen  8
BSFT input ids  tensor([[    2, 12815,  2275,   815, 19931,  1960, 33270,  2359,    34],
        [    2, 12815,  1156, 19931,  1960, 33270,  2359,    34,  4407],
        [    2, 12815,  1156, 19931,  1960, 33270,  2359,    34,  2296],
        [    2,   448, 40741,  3463,  8142,   397,  3086, 21723,   293],
        [    2, 12815,  1221,  8142,   397,  3086, 21723,   293,    40],
        [    2, 12815,  1221,  8142,   397,  3086, 21723,   293,    34],
        [    2,   133, 12070,     9,  6912,    34,    57, 16372,    13],
        [    2,   133, 12070,     9,  6912,    34,    57,  3520,    11],
        [    2, 24270,   468, 10149,    34,  1027,     5,    78,  3156]],
       device='cuda:0')
dict_keys(['use_cache', 'attention_mask', 'encoder_outputs', 'past'])
curlen  9
BSFT input ids  tensor([[    2, 12815,  1156, 19931,  1960, 33270,  2359,    34,  4407,    45],
        [    2, 12815,  2275,   815, 19931,  1960, 33270,  2359,    34,  4407],
        [    2, 12815,  2275,   815, 19931,  1960, 33270,  2359,    34,  2296],
        [    2,   448, 40741,  3463,  8142,   397,  3086, 21723,   293,    40],
        [    2,   448, 40741,  3463,  8142,   397,  3086, 21723,   293,    34],
        [    2,   448, 40741,  3463,  8142,   397,  3086, 21723,   293,    16],
        [    2,   133, 12070,     9,  6912,    34,    57, 16372,    13,  1089],
        [    2,   133, 12070,     9,  6912,    34,    57, 16372,    13,     5],
        [    2,   133, 12070,     9,  6912,    34,    57, 16372,    13,    10]],
       device='cuda:0')
dict_keys(['use_cache', 'attention_mask', 'encoder_outputs', 'past'])
curlen  10
BSFT input ids  tensor([[    2, 12815,  1156, 19931,  1960, 33270,  2359,    34,  4407,    45,
          2181],
        [    2, 12815,  2275,   815, 19931,  1960, 33270,  2359,    34,  4407,
            45],
        [    2, 12815,  2275,   815, 19931,  1960, 33270,  2359,    34,  2296,
            10],
        [    2,   448, 40741,  3463,  8142,   397,  3086, 21723,   293,    34,
            57],
        [    2,   448, 40741,  3463,  8142,   397,  3086, 21723,   293,    40,
          2649],
        [    2,   448, 40741,  3463,  8142,   397,  3086, 21723,   293,    40,
            28],
        [    2,   133, 12070,     9,  6912,    34,    57, 16372,    13,  1089,
           468],
        [    2,   133, 12070,     9,  6912,    34,    57, 16372,    13,     5,
            78],
        [    2,   133, 12070,     9,  6912,    34,    57, 16372,    13,    10,
          4511]], device='cuda:0')
dict_keys(['use_cache', 'attention_mask', 'encoder_outputs', 'past'])
curlen  11
BSFT input ids  tensor([[    2, 12815,  2275,   815, 19931,  1960, 33270,  2359,    34,  4407,
            45,  2181],
        [    2, 12815,  1156, 19931,  1960, 33270,  2359,    34,  4407,    45,
          2181,     7],
        [    2, 12815,  2275,   815, 19931,  1960, 33270,  2359,    34,  2296,
            10,   984],
        [    2,   448, 40741,  3463,  8142,   397,  3086, 21723,   293,    34,
            57,  3447],
        [    2,   448, 40741,  3463,  8142,   397,  3086, 21723,   293,    40,
          2649,     5],
        [    2,   448, 40741,  3463,  8142,   397,  3086, 21723,   293,    40,
            28,    66],
        [    2,   133, 12070,     9,  6912,    34,    57, 16372,    13,  1089,
           468, 10149],
        [    2,   133, 12070,     9,  6912,    34,    57, 16372,    13,     5,
            78,    86],
        [    2,   133, 12070,     9,  6912,    34,    57, 16372,    13,    10,
          4511,    13]], device='cuda:0')
dict_keys(['use_cache', 'attention_mask', 'encoder_outputs', 'past'])
curlen  12
BSFT input ids  tensor([[    2, 12815,  2275,   815, 19931,  1960, 33270,  2359,    34,  4407,
            45,  2181,     7],
        [    2, 12815,  1156, 19931,  1960, 33270,  2359,    34,  4407,    45,
          2181,     7,  3526],
        [    2, 12815,  1156, 19931,  1960, 33270,  2359,    34,  4407,    45,
          2181,     7,    10],
        [    2,   448, 40741,  3463,  8142,   397,  3086, 21723,   293,    34,
            57,  3447,    66],
        [    2,   448, 40741,  3463,  8142,   397,  3086, 21723,   293,    40,
          2649,     5,  1079],
        [    2,   448, 40741,  3463,  8142,   397,  3086, 21723,   293,    40,
            28,    66,    13],
        [    2,   133, 12070,     9,  6912,    34,    57, 16372,    13,  1089,
           468, 10149,     4],
        [    2,   133, 12070,     9,  6912,    34,    57, 16372,    13,     5,
            78,    86,    13],
        [    2,   133, 12070,     9,  6912,    34,    57, 16372,    13,  1089,
           468, 10149,    18]], device='cuda:0')
dict_keys(['use_cache', 'attention_mask', 'encoder_outputs', 'past'])
curlen  13
BSFT input ids  tensor([[    2, 12815,  2275,   815, 19931,  1960, 33270,  2359,    34,  4407,
            45,  2181,     7,  3526],
        [    2, 12815,  2275,   815, 19931,  1960, 33270,  2359,    34,  4407,
            45,  2181,     7,    10],
        [    2, 12815,  1156, 19931,  1960, 33270,  2359,    34,  4407,    45,
          2181,     7,    10,   984],
        [    2,   448, 40741,  3463,  8142,   397,  3086, 21723,   293,    34,
            57,  3447,    66,    13],
        [    2,   448, 40741,  3463,  8142,   397,  3086, 21723,   293,    40,
          2649,     5,  1079,     9],
        [    2,   448, 40741,  3463,  8142,   397,  3086, 21723,   293,    40,
            28,    66,    13,    62],
        [    2,   133, 12070,     9,  6912,    34,    57, 16372,    13,     5,
            78,    86,    13,  1089],
        [    2,   133, 12070,     9,  6912,    34,    57, 16372,    13,  1089,
           468, 10149,    18,   727],
        [    2,   133, 12070,     9,  6912,    34,    57, 16372,    13,     5,
            78,    86,    13,     5]], device='cuda:0')
dict_keys(['use_cache', 'attention_mask', 'encoder_outputs', 'past'])
curlen  14
BSFT input ids  tensor([[    2, 12815,  2275,   815, 19931,  1960, 33270,  2359,    34,  4407,
            45,  2181,     7,    10,   984],
        [    2, 12815,  2275,   815, 19931,  1960, 33270,  2359,    34,  4407,
            45,  2181,     7,  3526,     8],
        [    2, 12815,  2275,   815, 19931,  1960, 33270,  2359,    34,  4407,
            45,  2181,     7,  3526,  1103],
        [    2,   448, 40741,  3463,  8142,   397,  3086, 21723,   293,    40,
          2649,     5,  1079,     9,     5],
        [    2,   448, 40741,  3463,  8142,   397,  3086, 21723,   293,    34,
            57,  3447,    66,    13,     5],
        [    2,   448, 40741,  3463,  8142,   397,  3086, 21723,   293,    40,
            28,    66,    13,    62,     7],
        [    2,   133, 12070,     9,  6912,    34,    57, 16372,    13,     5,
            78,    86,    13,  1089,   468],
        [    2,   133, 12070,     9,  6912,    34,    57, 16372,    13,  1089,
           468, 10149,    18,   727,   212],
        [    2,   133, 12070,     9,  6912,    34,    57, 16372,    13,     5,
            78,    86,    13,     5,  1089]], device='cuda:0')
dict_keys(['use_cache', 'attention_mask', 'encoder_outputs', 'past'])
curlen  15
BSFT input ids  tensor([[    2, 12815,  2275,   815, 19931,  1960, 33270,  2359,    34,  4407,
            45,  2181,     7,  3526,     8,   418],
        [    2, 12815,  2275,   815, 19931,  1960, 33270,  2359,    34,  4407,
            45,  2181,     7,  3526,  1103,     4],
        [    2, 12815,  2275,   815, 19931,  1960, 33270,  2359,    34,  4407,
            45,  2181,     7,    10,   984,   134],
        [    2,   448, 40741,  3463,  8142,   397,  3086, 21723,   293,    40,
          2649,     5,  1079,     9,     5,   191],
        [    2,   448, 40741,  3463,  8142,   397,  3086, 21723,   293,    34,
            57,  3447,    66,    13,     5,  1079],
        [    2,   448, 40741,  3463,  8142,   397,  3086, 21723,   293,    40,
            28,    66,    13,    62,     7,   411],
        [    2,   133, 12070,     9,  6912,    34,    57, 16372,    13,     5,
            78,    86,    13,  1089,   468, 10149],
        [    2,   133, 12070,     9,  6912,    34,    57, 16372,    13,  1089,
           468, 10149,    18,   727,   212,  4038],
        [    2,   133, 12070,     9,  6912,    34,    57, 16372,    13,  1089,
           468, 10149,    18,   727,   212,   696]], device='cuda:0')
dict_keys(['use_cache', 'attention_mask', 'encoder_outputs', 'past'])
curlen  16
BSFT input ids  tensor([[    2, 12815,  2275,   815, 19931,  1960, 33270,  2359,    34,  4407,
            45,  2181,     7,  3526,     8,   418, 12503],
        [    2, 12815,  2275,   815, 19931,  1960, 33270,  2359,    34,  4407,
            45,  2181,     7,  3526,     8,   418,    12],
        [    2, 12815,  2275,   815, 19931,  1960, 33270,  2359,    34,  4407,
            45,  2181,     7,    10,   984,   134,   119],
        [    2,   448, 40741,  3463,  8142,   397,  3086, 21723,   293,    34,
            57,  3447,    66,    13,     5,  1079,     9],
        [    2,   448, 40741,  3463,  8142,   397,  3086, 21723,   293,    40,
          2649,     5,  1079,     9,     5,   191,    71],
        [    2,   448, 40741,  3463,  8142,   397,  3086, 21723,   293,    40,
          2649,     5,  1079,     9,     5,   191,    19],
        [    2,   133, 12070,     9,  6912,    34,    57, 16372,    13,     5,
            78,    86,    13,  1089,   468, 10149,     4],
        [    2,   133, 12070,     9,  6912,    34,    57, 16372,    13,  1089,
           468, 10149,    18,   727,   212,  4038,   696],
        [    2,   133, 12070,     9,  6912,    34,    57, 16372,    13,     5,
            78,    86,    13,  1089,   468, 10149,    18]], device='cuda:0')
dict_keys(['use_cache', 'attention_mask', 'encoder_outputs', 'past'])
curlen  17
BSFT input ids  tensor([[    2, 12815,  2275,   815, 19931,  1960, 33270,  2359,    34,  4407,
            45,  2181,     7,  3526,     8,   418, 12503,  1103],
        [    2, 12815,  2275,   815, 19931,  1960, 33270,  2359,    34,  4407,
            45,  2181,     7,  3526,     8,   418, 12503,     4],
        [    2, 12815,  2275,   815, 19931,  1960, 33270,  2359,    34,  4407,
            45,  2181,     7,  3526,     8,   418,    12,   462],
        [    2,   448, 40741,  3463,  8142,   397,  3086, 21723,   293,    34,
            57,  3447,    66,    13,     5,  1079,     9,     5],
        [    2,   448, 40741,  3463,  8142,   397,  3086, 21723,   293,    40,
          2649,     5,  1079,     9,     5,   191,    19,    10],
        [    2,   448, 40741,  3463,  8142,   397,  3086, 21723,   293,    40,
          2649,     5,  1079,     9,     5,   191,    71,  3606],
        [    2,   133, 12070,     9,  6912,    34,    57, 16372,    13,  1089,
           468, 10149,    18,   727,   212,  4038,   696,     4],
        [    2,   133, 12070,     9,  6912,    34,    57, 16372,    13,     5,
            78,    86,    13,  1089,   468, 10149,    18,   727],
        [    2,   133, 12070,     9,  6912,    34,    57, 16372,    13,     5,
            78,    86,    13,  1089,   468, 10149,    18,   220]],
       device='cuda:0')
dict_keys(['use_cache', 'attention_mask', 'encoder_outputs', 'past'])
curlen  18
BSFT input ids  tensor([[    2, 12815,  2275,   815, 19931,  1960, 33270,  2359,    34,  4407,
            45,  2181,     7,  3526,     8,   418, 12503,  1103,     4],
        [    2, 12815,  2275,   815, 19931,  1960, 33270,  2359,    34,  4407,
            45,  2181,     7,  3526,     8,   418,    12,   462, 31734],
        [    2, 12815,  2275,   815, 19931,  1960, 33270,  2359,    34,  4407,
            45,  2181,     7,  3526,     8,   418,    12,   462, 26097],
        [    2,   448, 40741,  3463,  8142,   397,  3086, 21723,   293,    34,
            57,  3447,    66,    13,     5,  1079,     9,     5,   191],
        [    2,   448, 40741,  3463,  8142,   397,  3086, 21723,   293,    40,
          2649,     5,  1079,     9,     5,   191,    71,  3606,    10],
        [    2,   448, 40741,  3463,  8142,   397,  3086, 21723,   293,    40,
          2649,     5,  1079,     9,     5,   191,    19,    10,  4117],
        [    2,   133, 12070,     9,  6912,    34,    57, 16372,    13,     5,
            78,    86,    13,  1089,   468, 10149,    18,   727,   212],
        [    2,   133, 12070,     9,  6912,    34,    57, 16372,    13,     5,
            78,    86,    13,  1089,   468, 10149,    18,   220,   696],
        [    2,   133, 12070,     9,  6912,    34,    57, 16372,    13,     5,
            78,    86,    13,  1089,   468, 10149,    18,   220,  5403]],
       device='cuda:0')
dict_keys(['use_cache', 'attention_mask', 'encoder_outputs', 'past'])
curlen  19
BSFT input ids  tensor([[    2, 12815,  2275,   815, 19931,  1960, 33270,  2359,    34,  4407,
            45,  2181,     7,  3526,     8,   418,    12,   462, 31734,  1103],
        [    2, 12815,  2275,   815, 19931,  1960, 33270,  2359,    34,  4407,
            45,  2181,     7,  3526,     8,   418,    12,   462, 31734,  9971],
        [    2, 12815,  2275,   815, 19931,  1960, 33270,  2359,    34,  4407,
            45,  2181,     7,  3526,     8,   418,    12,   462, 31734,     4],
        [    2,   448, 40741,  3463,  8142,   397,  3086, 21723,   293,    34,
            57,  3447,    66,    13,     5,  1079,     9,     5,   191,    19],
        [    2,   448, 40741,  3463,  8142,   397,  3086, 21723,   293,    34,
            57,  3447,    66,    13,     5,  1079,     9,     5,   191,    71],
        [    2,   448, 40741,  3463,  8142,   397,  3086, 21723,   293,    40,
          2649,     5,  1079,     9,     5,   191,    19,    10,  4117,  1356],
        [    2, 12815,  2275,   815, 19931,  1960, 33270,  2359,    34,  4407,
            45,  2181,     7,  3526,     8,   418, 12503,  1103,     4,     1],
        [    2, 12815,  2275,   815, 19931,  1960, 33270,  2359,    34,  4407,
            45,  2181,     7,  3526,     8,   418, 12503,  1103,     4,     1],
        [    2, 12815,  2275,   815, 19931,  1960, 33270,  2359,    34,  4407,
            45,  2181,     7,  3526,     8,   418, 12503,  1103,     4,     1]],
       device='cuda:0')
dict_keys(['use_cache', 'attention_mask', 'encoder_outputs', 'past'])
curlen  20
BSFT input ids  tensor([[    2, 12815,  2275,   815, 19931,  1960, 33270,  2359,    34,  4407,
            45,  2181,     7,  3526,     8,   418,    12,   462, 31734,  1103,
             1],
        [    2, 12815,  2275,   815, 19931,  1960, 33270,  2359,    34,  4407,
            45,  2181,     7,  3526,     8,   418,    12,   462, 31734,  1103,
             1],
        [    2, 12815,  2275,   815, 19931,  1960, 33270,  2359,    34,  4407,
            45,  2181,     7,  3526,     8,   418,    12,   462, 31734,  1103,
             1],
        [    2,   448, 40741,  3463,  8142,   397,  3086, 21723,   293,    34,
            57,  3447,    66,    13,     5,  1079,     9,     5,   191,    19,
            10],
        [    2,   448, 40741,  3463,  8142,   397,  3086, 21723,   293,    34,
            57,  3447,    66,    13,     5,  1079,     9,     5,   191,    71,
          3606],
        [    2,   448, 40741,  3463,  8142,   397,  3086, 21723,   293,    34,
            57,  3447,    66,    13,     5,  1079,     9,     5,   191,    19,
            41],
        [    2, 12815,  2275,   815, 19931,  1960, 33270,  2359,    34,  4407,
            45,  2181,     7,  3526,     8,   418,    12,   462, 31734,  1103,
             1],
        [    2, 12815,  2275,   815, 19931,  1960, 33270,  2359,    34,  4407,
            45,  2181,     7,  3526,     8,   418,    12,   462, 31734,  1103,
             1],
        [    2, 12815,  2275,   815, 19931,  1960, 33270,  2359,    34,  4407,
            45,  2181,     7,  3526,     8,   418,    12,   462, 31734,  1103,
             1]], device='cuda:0')
dict_keys(['use_cache', 'attention_mask', 'encoder_outputs', 'past'])
curlen  21
BSFT input ids  tensor([[    2, 12815,  2275,   815, 19931,  1960, 33270,  2359,    34,  4407,
            45,  2181,     7,  3526,     8,   418,    12,   462, 31734,  1103,
             1,     1],
        [    2, 12815,  2275,   815, 19931,  1960, 33270,  2359,    34,  4407,
            45,  2181,     7,  3526,     8,   418,    12,   462, 31734,  1103,
             1,     1],
        [    2, 12815,  2275,   815, 19931,  1960, 33270,  2359,    34,  4407,
            45,  2181,     7,  3526,     8,   418,    12,   462, 31734,  1103,
             1,     1],
        [    2,   448, 40741,  3463,  8142,   397,  3086, 21723,   293,    34,
            57,  3447,    66,    13,     5,  1079,     9,     5,   191,    19,
            10,  4117],
        [    2,   448, 40741,  3463,  8142,   397,  3086, 21723,   293,    34,
            57,  3447,    66,    13,     5,  1079,     9,     5,   191,    19,
            10, 12517],
        [    2,   448, 40741,  3463,  8142,   397,  3086, 21723,   293,    34,
            57,  3447,    66,    13,     5,  1079,     9,     5,   191,    71,
          3606,    10],
        [    2, 12815,  2275,   815, 19931,  1960, 33270,  2359,    34,  4407,
            45,  2181,     7,  3526,     8,   418,    12,   462, 31734,  1103,
             1,     1],
        [    2, 12815,  2275,   815, 19931,  1960, 33270,  2359,    34,  4407,
            45,  2181,     7,  3526,     8,   418,    12,   462, 31734,  1103,
             1,     1],
        [    2, 12815,  2275,   815, 19931,  1960, 33270,  2359,    34,  4407,
            45,  2181,     7,  3526,     8,   418,    12,   462, 31734,  1103,
             1,     1]], device='cuda:0')
dict_keys(['use_cache', 'attention_mask', 'encoder_outputs', 'past'])
curlen  22
BSFT input ids  tensor([[    2, 12815,  2275,   815, 19931,  1960, 33270,  2359,    34,  4407,
            45,  2181,     7,  3526,     8,   418,    12,   462, 31734,  1103,
             1,     1,     1],
        [    2, 12815,  2275,   815, 19931,  1960, 33270,  2359,    34,  4407,
            45,  2181,     7,  3526,     8,   418,    12,   462, 31734,  1103,
             1,     1,     1],
        [    2, 12815,  2275,   815, 19931,  1960, 33270,  2359,    34,  4407,
            45,  2181,     7,  3526,     8,   418,    12,   462, 31734,  1103,
             1,     1,     1],
        [    2,   448, 40741,  3463,  8142,   397,  3086, 21723,   293,    34,
            57,  3447,    66,    13,     5,  1079,     9,     5,   191,    19,
            10,  4117,  1356],
        [    2,   448, 40741,  3463,  8142,   397,  3086, 21723,   293,    34,
            57,  3447,    66,    13,     5,  1079,     9,     5,   191,    19,
            10, 12517,  1356],
        [    2,   448, 40741,  3463,  8142,   397,  3086, 21723,   293,    34,
            57,  3447,    66,    13,     5,  1079,     9,     5,   191,    19,
            10,  4117, 14038],
        [    2, 12815,  2275,   815, 19931,  1960, 33270,  2359,    34,  4407,
            45,  2181,     7,  3526,     8,   418,    12,   462, 31734,  1103,
             1,     1,     1],
        [    2, 12815,  2275,   815, 19931,  1960, 33270,  2359,    34,  4407,
            45,  2181,     7,  3526,     8,   418,    12,   462, 31734,  1103,
             1,     1,     1],
        [    2, 12815,  2275,   815, 19931,  1960, 33270,  2359,    34,  4407,
            45,  2181,     7,  3526,     8,   418,    12,   462, 31734,  1103,
             1,     1,     1]], device='cuda:0')
dict_keys(['use_cache', 'attention_mask', 'encoder_outputs', 'past'])
curlen  23
BSFT input ids  tensor([[    2, 12815,  2275,   815, 19931,  1960, 33270,  2359,    34,  4407,
            45,  2181,     7,  3526,     8,   418,    12,   462, 31734,  1103,
             1,     1,     1,     1],
        [    2, 12815,  2275,   815, 19931,  1960, 33270,  2359,    34,  4407,
            45,  2181,     7,  3526,     8,   418,    12,   462, 31734,  1103,
             1,     1,     1,     1],
        [    2, 12815,  2275,   815, 19931,  1960, 33270,  2359,    34,  4407,
            45,  2181,     7,  3526,     8,   418,    12,   462, 31734,  1103,
             1,     1,     1,     1],
        [    2,   448, 40741,  3463,  8142,   397,  3086, 21723,   293,    34,
            57,  3447,    66,    13,     5,  1079,     9,     5,   191,    19,
            10,  4117,  1356,     4],
        [    2,   448, 40741,  3463,  8142,   397,  3086, 21723,   293,    34,
            57,  3447,    66,    13,     5,  1079,     9,     5,   191,    19,
            10, 12517,  1356,     4],
        [    2,   448, 40741,  3463,  8142,   397,  3086, 21723,   293,    34,
            57,  3447,    66,    13,     5,  1079,     9,     5,   191,    19,
            10,  4117, 14038,  5511],
        [    2, 12815,  2275,   815, 19931,  1960, 33270,  2359,    34,  4407,
            45,  2181,     7,  3526,     8,   418,    12,   462, 31734,  1103,
             1,     1,     1,     1],
        [    2, 12815,  2275,   815, 19931,  1960, 33270,  2359,    34,  4407,
            45,  2181,     7,  3526,     8,   418,    12,   462, 31734,  1103,
             1,     1,     1,     1],
        [    2, 12815,  2275,   815, 19931,  1960, 33270,  2359,    34,  4407,
            45,  2181,     7,  3526,     8,   418,    12,   462, 31734,  1103,
             1,     1,     1,     1]], device='cuda:0')
dict_keys(['use_cache', 'attention_mask', 'encoder_outputs', 'past'])
curlen  24
BSFT input ids  tensor([[    2, 12815,  2275,   815, 19931,  1960, 33270,  2359,    34,  4407,
            45,  2181,     7,  3526,     8,   418,    12,   462, 31734,  1103,
             1,     1,     1,     1,     1],
        [    2, 12815,  2275,   815, 19931,  1960, 33270,  2359,    34,  4407,
            45,  2181,     7,  3526,     8,   418,    12,   462, 31734,  1103,
             1,     1,     1,     1,     1],
        [    2, 12815,  2275,   815, 19931,  1960, 33270,  2359,    34,  4407,
            45,  2181,     7,  3526,     8,   418,    12,   462, 31734,  1103,
             1,     1,     1,     1,     1],
        [    2,   448, 40741,  3463,  8142,   397,  3086, 21723,   293,    34,
            57,  3447,    66,    13,     5,  1079,     9,     5,   191,    19,
            10,  4117, 14038,  5511,  1356],
        [    2,   448, 40741,  3463,  8142,   397,  3086, 21723,   293,    34,
            57,  3447,    66,    13,     5,  1079,     9,     5,   191,    19,
            10,  4117, 14038,  5511,  7366],
        [    2,   448, 40741,  3463,  8142,   397,  3086, 21723,   293,    34,
            57,  3447,    66,    13,     5,  1079,     9,     5,   191,    19,
            10,  4117, 14038,  5511,  8793],
        [    2, 12815,  2275,   815, 19931,  1960, 33270,  2359,    34,  4407,
            45,  2181,     7,  3526,     8,   418,    12,   462, 31734,  1103,
             1,     1,     1,     1,     1],
        [    2, 12815,  2275,   815, 19931,  1960, 33270,  2359,    34,  4407,
            45,  2181,     7,  3526,     8,   418,    12,   462, 31734,  1103,
             1,     1,     1,     1,     1],
        [    2, 12815,  2275,   815, 19931,  1960, 33270,  2359,    34,  4407,
            45,  2181,     7,  3526,     8,   418,    12,   462, 31734,  1103,
             1,     1,     1,     1,     1]], device='cuda:0')
dict_keys(['use_cache', 'attention_mask', 'encoder_outputs', 'past'])
curlen  25
BSFT input ids  tensor([[    2, 12815,  2275,   815, 19931,  1960, 33270,  2359,    34,  4407,
            45,  2181,     7,  3526,     8,   418,    12,   462, 31734,  1103,
             1,     1,     1,     1,     1,     1],
        [    2, 12815,  2275,   815, 19931,  1960, 33270,  2359,    34,  4407,
            45,  2181,     7,  3526,     8,   418,    12,   462, 31734,  1103,
             1,     1,     1,     1,     1,     1],
        [    2, 12815,  2275,   815, 19931,  1960, 33270,  2359,    34,  4407,
            45,  2181,     7,  3526,     8,   418,    12,   462, 31734,  1103,
             1,     1,     1,     1,     1,     1],
        [    2,   448, 40741,  3463,  8142,   397,  3086, 21723,   293,    34,
            57,  3447,    66,    13,     5,  1079,     9,     5,   191,    19,
            10,  4117, 14038,  5511,  1356,     4],
        [    2,   448, 40741,  3463,  8142,   397,  3086, 21723,   293,    34,
            57,  3447,    66,    13,     5,  1079,     9,     5,   191,    19,
            10,  4117, 14038,  5511,  7366,     4],
        [    2,   448, 40741,  3463,  8142,   397,  3086, 21723,   293,    34,
            57,  3447,    66,    13,     5,  1079,     9,     5,   191,    19,
            10,  4117, 14038,  5511,  8793,     4],
        [    2, 12815,  2275,   815, 19931,  1960, 33270,  2359,    34,  4407,
            45,  2181,     7,  3526,     8,   418,    12,   462, 31734,  1103,
             1,     1,     1,     1,     1,     1],
        [    2, 12815,  2275,   815, 19931,  1960, 33270,  2359,    34,  4407,
            45,  2181,     7,  3526,     8,   418,    12,   462, 31734,  1103,
             1,     1,     1,     1,     1,     1],
        [    2, 12815,  2275,   815, 19931,  1960, 33270,  2359,    34,  4407,
            45,  2181,     7,  3526,     8,   418,    12,   462, 31734,  1103,
             1,     1,     1,     1,     1,     1]], device='cuda:0')
dict_keys(['use_cache', 'attention_mask', 'encoder_outputs', 'past'])
curlen  26
========
SEQ OUT 1 BSFT ori_seqs:
---
Former Premier League footballer Sam Sodje has pleaded not guilty to fraud charges.
Former Premier League footballer Sam Sodje has pleaded not guilty to fraud and money laundering.
Former Premier League footballer Sam Sodje has pleaded not guilty to fraud and money laundering charges.
---
Middlesex batsman Adam Voges has been ruled out for the rest of the season with a knee injury.
Middlesex batsman Adam Voges has been ruled out for the rest of the season with a hamstring injury.
Middlesex batsman Adam Voges has been ruled out for the rest of the season with a knee ligament injury.
---
The Duchess of Cambridge has been photographed for British Vogue.
The Duchess of Cambridge has been photographed for the first time for British Vogue.
The Duchess of Cambridge has been photographed for British Vogue's 100th anniversary issue.
---
========
0 . Rouge:  {'rouge-1': {'r': 0.3954592363261094, 'p': 0.5227752639517346, 'f': 0.4488888839903293}, 'rouge-2': {'r': 0.2638888888888889, 'p': 0.37363834422657954, 'f': 0.3066666618327076}, 'rouge-l': {'r': 0.3954592363261094, 'p': 0.5227752639517346, 'f': 0.4488888839903293}}
1 . Rouge:  {'rouge-1': {'r': 0.41768145854833155, 'p': 0.4749120160884866, 'f': 0.4444444394646024}, 'rouge-2': {'r': 0.2638888888888889, 'p': 0.3042447748330101, 'f': 0.2824302084913001}, 'rouge-l': {'r': 0.41768145854833155, 'p': 0.4749120160884866, 'f': 0.4444444394646024}}
2 . Rouge:  {'rouge-1': {'r': 0.37323701410388715, 'p': 0.40598290598290593, 'f': 0.38877188378314004}, 'rouge-2': {'r': 0.24305555555555555, 'p': 0.2722222222222222, 'f': 0.25601638008439115}, 'rouge-l': {'r': 0.37323701410388715, 'p': 0.40598290598290593, 'f': 0.38877188378314004}}
dev summ_model 2:  cuda:0
params[batch_size]:  3
reg PARAMS:  {'logits_processor': [<transformers.generation_logits_process.NoRepeatNGramLogitsProcessor object at 0x7fa5aa9ae890>, <transformers.generation_logits_process.MinLengthLogitsProcessor object at 0x7fa5aaacf650>, <transformers.generation_logits_process.ForcedEOSTokenLogitsProcessor object at 0x7fa5aaacf290>], 'stopping_criteria': [<transformers.generation_stopping_criteria.MaxLengthCriteria object at 0x7fa5aaacfd90>], 'pad_token_id': 1, 'eos_token_id': 2, 'output_scores': False, 'output_attentions': False, 'output_hidden_states': False, 'return_dict_in_generate': False, 'batch_size': 3, 'num_beams': 3, 'cur_len': 1, 'scores': None, 'beam_indices': None, 'decoder_attentions': None, 'cross_attentions': None, 'decoder_hidden_states': None, 'beam_scores': tensor([ 0.0000e+00, -1.0000e+09, -1.0000e+09,  0.0000e+00, -1.0000e+09,
        -1.0000e+09,  0.0000e+00, -1.0000e+09, -1.0000e+09], device='cuda:0'), 'this_peer_finished': False}
curlen  1
EXPFT input path  tensor([[2],
        [2],
        [2],
        [2],
        [2],
        [2],
        [2],
        [2],
        [2]], device='cuda:0')
EXPFT model_inputs:  None   BaseModelOutput(last_hidden_state=tensor([[[-2.5272e-03,  3.6527e-02,  1.7901e-02,  ...,  1.1135e-02,
          -2.2884e-03, -2.9418e-03],
         [-6.8607e-02,  1.9765e-01,  1.6544e-01,  ...,  3.6815e-02,
           4.9250e-02, -1.7402e-03],
         [ 1.0146e-01,  1.0406e-02,  6.0448e-01,  ..., -3.7020e-02,
          -1.1037e-01, -1.1018e-01],
         ...,
         [-1.6875e-01, -9.8480e-02, -6.0634e-01,  ...,  4.1635e-02,
           4.2197e-02,  7.7572e-02],
         [-2.5275e-03,  3.6524e-02,  1.7864e-02,  ...,  1.1132e-02,
          -2.2845e-03, -2.9360e-03],
         [-2.5248e-03,  3.6522e-02,  1.7841e-02,  ...,  1.1133e-02,
          -2.2846e-03, -2.9331e-03]],

        [[-2.5272e-03,  3.6527e-02,  1.7901e-02,  ...,  1.1135e-02,
          -2.2884e-03, -2.9418e-03],
         [-6.8607e-02,  1.9765e-01,  1.6544e-01,  ...,  3.6815e-02,
           4.9250e-02, -1.7402e-03],
         [ 1.0146e-01,  1.0406e-02,  6.0448e-01,  ..., -3.7020e-02,
          -1.1037e-01, -1.1018e-01],
         ...,
         [-1.6875e-01, -9.8480e-02, -6.0634e-01,  ...,  4.1635e-02,
           4.2197e-02,  7.7572e-02],
         [-2.5275e-03,  3.6524e-02,  1.7864e-02,  ...,  1.1132e-02,
          -2.2845e-03, -2.9360e-03],
         [-2.5248e-03,  3.6522e-02,  1.7841e-02,  ...,  1.1133e-02,
          -2.2846e-03, -2.9331e-03]],

        [[-2.5272e-03,  3.6527e-02,  1.7901e-02,  ...,  1.1135e-02,
          -2.2884e-03, -2.9418e-03],
         [-6.8607e-02,  1.9765e-01,  1.6544e-01,  ...,  3.6815e-02,
           4.9250e-02, -1.7402e-03],
         [ 1.0146e-01,  1.0406e-02,  6.0448e-01,  ..., -3.7020e-02,
          -1.1037e-01, -1.1018e-01],
         ...,
         [-1.6875e-01, -9.8480e-02, -6.0634e-01,  ...,  4.1635e-02,
           4.2197e-02,  7.7572e-02],
         [-2.5275e-03,  3.6524e-02,  1.7864e-02,  ...,  1.1132e-02,
          -2.2845e-03, -2.9360e-03],
         [-2.5248e-03,  3.6522e-02,  1.7841e-02,  ...,  1.1133e-02,
          -2.2846e-03, -2.9331e-03]],

        ...,

        [[ 3.0308e-04,  3.8306e-02,  2.5054e-02,  ...,  6.1209e-03,
           4.0625e-03, -4.0226e-03],
         [ 2.4297e-01, -1.0471e-02,  9.0203e-02,  ..., -4.3656e-02,
          -1.4243e-01,  2.5435e-01],
         [ 1.8131e-01, -9.5611e-03,  3.1960e-01,  ...,  8.2019e-02,
          -2.1355e-01,  1.6428e-01],
         ...,
         [ 2.1887e-01, -1.3172e-01, -2.1343e-01,  ..., -1.0350e-01,
           1.9653e-01, -2.3992e-01],
         [ 1.0552e-01,  4.6459e-01, -5.4493e-01,  ...,  1.5862e-01,
           1.3168e-01, -1.5313e-01],
         [ 1.0868e-01,  3.1753e-01,  1.1656e-02,  ..., -2.2094e-02,
          -4.7279e-02,  5.2755e-03]],

        [[ 3.0308e-04,  3.8306e-02,  2.5054e-02,  ...,  6.1209e-03,
           4.0625e-03, -4.0226e-03],
         [ 2.4297e-01, -1.0471e-02,  9.0203e-02,  ..., -4.3656e-02,
          -1.4243e-01,  2.5435e-01],
         [ 1.8131e-01, -9.5611e-03,  3.1960e-01,  ...,  8.2019e-02,
          -2.1355e-01,  1.6428e-01],
         ...,
         [ 2.1887e-01, -1.3172e-01, -2.1343e-01,  ..., -1.0350e-01,
           1.9653e-01, -2.3992e-01],
         [ 1.0552e-01,  4.6459e-01, -5.4493e-01,  ...,  1.5862e-01,
           1.3168e-01, -1.5313e-01],
         [ 1.0868e-01,  3.1753e-01,  1.1656e-02,  ..., -2.2094e-02,
          -4.7279e-02,  5.2755e-03]],

        [[ 3.0308e-04,  3.8306e-02,  2.5054e-02,  ...,  6.1209e-03,
           4.0625e-03, -4.0226e-03],
         [ 2.4297e-01, -1.0471e-02,  9.0203e-02,  ..., -4.3656e-02,
          -1.4243e-01,  2.5435e-01],
         [ 1.8131e-01, -9.5611e-03,  3.1960e-01,  ...,  8.2019e-02,
          -2.1355e-01,  1.6428e-01],
         ...,
         [ 2.1887e-01, -1.3172e-01, -2.1343e-01,  ..., -1.0350e-01,
           1.9653e-01, -2.3992e-01],
         [ 1.0552e-01,  4.6459e-01, -5.4493e-01,  ...,  1.5862e-01,
           1.3168e-01, -1.5313e-01],
         [ 1.0868e-01,  3.1753e-01,  1.1656e-02,  ..., -2.2094e-02,
          -4.7279e-02,  5.2755e-03]]], device='cuda:0'), hidden_states=None, attentions=None)   tensor([[1, 1, 1,  ..., 0, 0, 0],
        [1, 1, 1,  ..., 0, 0, 0],
        [1, 1, 1,  ..., 0, 0, 0],
        ...,
        [1, 1, 1,  ..., 1, 1, 1],
        [1, 1, 1,  ..., 1, 1, 1],
        [1, 1, 1,  ..., 1, 1, 1]], device='cuda:0')   None   None   None   None  
EXPFT OUTPUT:  tensor([[[-7.2452,  1.5423,  0.9465,  ...,  1.9194,  2.3158,  2.2262]],

        [[-7.2452,  1.5423,  0.9465,  ...,  1.9194,  2.3158,  2.2262]],

        [[-7.2452,  1.5423,  0.9465,  ...,  1.9194,  2.3158,  2.2262]],

        ...,

        [[-7.3889,  1.2216,  0.7315,  ...,  2.1358,  1.9082,  2.1180]],

        [[-7.3889,  1.2216,  0.7315,  ...,  2.1358,  1.9082,  2.1180]],

        [[-7.3889,  1.2216,  0.7315,  ...,  2.1358,  1.9082,  2.1180]]],
       device='cuda:0')
curlen  2
EXPFT input path  tensor([[    2, 12815],
        [    2,  9089],
        [    2, 21169],
        [    2,   448],
        [    2, 12815],
        [    2, 24671],
        [    2,   133],
        [    2, 24270],
        [    2,   250]], device='cuda:0')
EXPFT model_inputs:  None   BaseModelOutput(last_hidden_state=tensor([[[-2.5272e-03,  3.6527e-02,  1.7901e-02,  ...,  1.1135e-02,
          -2.2884e-03, -2.9418e-03],
         [-6.8607e-02,  1.9765e-01,  1.6544e-01,  ...,  3.6815e-02,
           4.9250e-02, -1.7402e-03],
         [ 1.0146e-01,  1.0406e-02,  6.0448e-01,  ..., -3.7020e-02,
          -1.1037e-01, -1.1018e-01],
         ...,
         [-1.6875e-01, -9.8480e-02, -6.0634e-01,  ...,  4.1635e-02,
           4.2197e-02,  7.7572e-02],
         [-2.5275e-03,  3.6524e-02,  1.7864e-02,  ...,  1.1132e-02,
          -2.2845e-03, -2.9360e-03],
         [-2.5248e-03,  3.6522e-02,  1.7841e-02,  ...,  1.1133e-02,
          -2.2846e-03, -2.9331e-03]],

        [[-2.5272e-03,  3.6527e-02,  1.7901e-02,  ...,  1.1135e-02,
          -2.2884e-03, -2.9418e-03],
         [-6.8607e-02,  1.9765e-01,  1.6544e-01,  ...,  3.6815e-02,
           4.9250e-02, -1.7402e-03],
         [ 1.0146e-01,  1.0406e-02,  6.0448e-01,  ..., -3.7020e-02,
          -1.1037e-01, -1.1018e-01],
         ...,
         [-1.6875e-01, -9.8480e-02, -6.0634e-01,  ...,  4.1635e-02,
           4.2197e-02,  7.7572e-02],
         [-2.5275e-03,  3.6524e-02,  1.7864e-02,  ...,  1.1132e-02,
          -2.2845e-03, -2.9360e-03],
         [-2.5248e-03,  3.6522e-02,  1.7841e-02,  ...,  1.1133e-02,
          -2.2846e-03, -2.9331e-03]],

        [[-2.5272e-03,  3.6527e-02,  1.7901e-02,  ...,  1.1135e-02,
          -2.2884e-03, -2.9418e-03],
         [-6.8607e-02,  1.9765e-01,  1.6544e-01,  ...,  3.6815e-02,
           4.9250e-02, -1.7402e-03],
         [ 1.0146e-01,  1.0406e-02,  6.0448e-01,  ..., -3.7020e-02,
          -1.1037e-01, -1.1018e-01],
         ...,
         [-1.6875e-01, -9.8480e-02, -6.0634e-01,  ...,  4.1635e-02,
           4.2197e-02,  7.7572e-02],
         [-2.5275e-03,  3.6524e-02,  1.7864e-02,  ...,  1.1132e-02,
          -2.2845e-03, -2.9360e-03],
         [-2.5248e-03,  3.6522e-02,  1.7841e-02,  ...,  1.1133e-02,
          -2.2846e-03, -2.9331e-03]],

        ...,

        [[ 3.0308e-04,  3.8306e-02,  2.5054e-02,  ...,  6.1209e-03,
           4.0625e-03, -4.0226e-03],
         [ 2.4297e-01, -1.0471e-02,  9.0203e-02,  ..., -4.3656e-02,
          -1.4243e-01,  2.5435e-01],
         [ 1.8131e-01, -9.5611e-03,  3.1960e-01,  ...,  8.2019e-02,
          -2.1355e-01,  1.6428e-01],
         ...,
         [ 2.1887e-01, -1.3172e-01, -2.1343e-01,  ..., -1.0350e-01,
           1.9653e-01, -2.3992e-01],
         [ 1.0552e-01,  4.6459e-01, -5.4493e-01,  ...,  1.5862e-01,
           1.3168e-01, -1.5313e-01],
         [ 1.0868e-01,  3.1753e-01,  1.1656e-02,  ..., -2.2094e-02,
          -4.7279e-02,  5.2755e-03]],

        [[ 3.0308e-04,  3.8306e-02,  2.5054e-02,  ...,  6.1209e-03,
           4.0625e-03, -4.0226e-03],
         [ 2.4297e-01, -1.0471e-02,  9.0203e-02,  ..., -4.3656e-02,
          -1.4243e-01,  2.5435e-01],
         [ 1.8131e-01, -9.5611e-03,  3.1960e-01,  ...,  8.2019e-02,
          -2.1355e-01,  1.6428e-01],
         ...,
         [ 2.1887e-01, -1.3172e-01, -2.1343e-01,  ..., -1.0350e-01,
           1.9653e-01, -2.3992e-01],
         [ 1.0552e-01,  4.6459e-01, -5.4493e-01,  ...,  1.5862e-01,
           1.3168e-01, -1.5313e-01],
         [ 1.0868e-01,  3.1753e-01,  1.1656e-02,  ..., -2.2094e-02,
          -4.7279e-02,  5.2755e-03]],

        [[ 3.0308e-04,  3.8306e-02,  2.5054e-02,  ...,  6.1209e-03,
           4.0625e-03, -4.0226e-03],
         [ 2.4297e-01, -1.0471e-02,  9.0203e-02,  ..., -4.3656e-02,
          -1.4243e-01,  2.5435e-01],
         [ 1.8131e-01, -9.5611e-03,  3.1960e-01,  ...,  8.2019e-02,
          -2.1355e-01,  1.6428e-01],
         ...,
         [ 2.1887e-01, -1.3172e-01, -2.1343e-01,  ..., -1.0350e-01,
           1.9653e-01, -2.3992e-01],
         [ 1.0552e-01,  4.6459e-01, -5.4493e-01,  ...,  1.5862e-01,
           1.3168e-01, -1.5313e-01],
         [ 1.0868e-01,  3.1753e-01,  1.1656e-02,  ..., -2.2094e-02,
          -4.7279e-02,  5.2755e-03]]], device='cuda:0'), hidden_states=None, attentions=None)   tensor([[1, 1, 1,  ..., 0, 0, 0],
        [1, 1, 1,  ..., 0, 0, 0],
        [1, 1, 1,  ..., 0, 0, 0],
        ...,
        [1, 1, 1,  ..., 1, 1, 1],
        [1, 1, 1,  ..., 1, 1, 1],
        [1, 1, 1,  ..., 1, 1, 1]], device='cuda:0')   None   None   None   None  
EXPFT OUTPUT:  tensor([[[ -3.3962,   1.0102,   1.1381,  ...,   0.5782,   0.7137,   0.7902]],

        [[ -1.7632,   0.5739,   1.7964,  ...,  -0.0466,   0.3764,   0.2655]],

        [[ -3.0300,   0.5017,   3.6659,  ...,   0.5446,   0.5617,   0.1759]],

        ...,

        [[ -2.8213,   0.7966,   1.7018,  ...,   0.9495,   1.0866,   0.7813]],

        [[ -3.3733,   0.3020,   3.6113,  ...,   0.0610,   0.0229,  -0.2216]],

        [[-11.0504,   0.8274,   0.6022,  ...,   0.9263,   1.1564,   1.4621]]],
       device='cuda:0')
curlen  3
EXPFT input path  tensor([[    2, 12815,  1156],
        [    2,  9089,  2275],
        [    2, 21169,    12],
        [    2,   448, 40741],
        [    2, 12815,  1221],
        [    2, 24671, 21723],
        [    2,   133,   468],
        [    2, 24270, 12070],
        [    2,   250,  5893]], device='cuda:0')
EXPFT model_inputs:  None   BaseModelOutput(last_hidden_state=tensor([[[-2.5272e-03,  3.6527e-02,  1.7901e-02,  ...,  1.1135e-02,
          -2.2884e-03, -2.9418e-03],
         [-6.8607e-02,  1.9765e-01,  1.6544e-01,  ...,  3.6815e-02,
           4.9250e-02, -1.7402e-03],
         [ 1.0146e-01,  1.0406e-02,  6.0448e-01,  ..., -3.7020e-02,
          -1.1037e-01, -1.1018e-01],
         ...,
         [-1.6875e-01, -9.8480e-02, -6.0634e-01,  ...,  4.1635e-02,
           4.2197e-02,  7.7572e-02],
         [-2.5275e-03,  3.6524e-02,  1.7864e-02,  ...,  1.1132e-02,
          -2.2845e-03, -2.9360e-03],
         [-2.5248e-03,  3.6522e-02,  1.7841e-02,  ...,  1.1133e-02,
          -2.2846e-03, -2.9331e-03]],

        [[-2.5272e-03,  3.6527e-02,  1.7901e-02,  ...,  1.1135e-02,
          -2.2884e-03, -2.9418e-03],
         [-6.8607e-02,  1.9765e-01,  1.6544e-01,  ...,  3.6815e-02,
           4.9250e-02, -1.7402e-03],
         [ 1.0146e-01,  1.0406e-02,  6.0448e-01,  ..., -3.7020e-02,
          -1.1037e-01, -1.1018e-01],
         ...,
         [-1.6875e-01, -9.8480e-02, -6.0634e-01,  ...,  4.1635e-02,
           4.2197e-02,  7.7572e-02],
         [-2.5275e-03,  3.6524e-02,  1.7864e-02,  ...,  1.1132e-02,
          -2.2845e-03, -2.9360e-03],
         [-2.5248e-03,  3.6522e-02,  1.7841e-02,  ...,  1.1133e-02,
          -2.2846e-03, -2.9331e-03]],

        [[-2.5272e-03,  3.6527e-02,  1.7901e-02,  ...,  1.1135e-02,
          -2.2884e-03, -2.9418e-03],
         [-6.8607e-02,  1.9765e-01,  1.6544e-01,  ...,  3.6815e-02,
           4.9250e-02, -1.7402e-03],
         [ 1.0146e-01,  1.0406e-02,  6.0448e-01,  ..., -3.7020e-02,
          -1.1037e-01, -1.1018e-01],
         ...,
         [-1.6875e-01, -9.8480e-02, -6.0634e-01,  ...,  4.1635e-02,
           4.2197e-02,  7.7572e-02],
         [-2.5275e-03,  3.6524e-02,  1.7864e-02,  ...,  1.1132e-02,
          -2.2845e-03, -2.9360e-03],
         [-2.5248e-03,  3.6522e-02,  1.7841e-02,  ...,  1.1133e-02,
          -2.2846e-03, -2.9331e-03]],

        ...,

        [[ 3.0308e-04,  3.8306e-02,  2.5054e-02,  ...,  6.1209e-03,
           4.0625e-03, -4.0226e-03],
         [ 2.4297e-01, -1.0471e-02,  9.0203e-02,  ..., -4.3656e-02,
          -1.4243e-01,  2.5435e-01],
         [ 1.8131e-01, -9.5611e-03,  3.1960e-01,  ...,  8.2019e-02,
          -2.1355e-01,  1.6428e-01],
         ...,
         [ 2.1887e-01, -1.3172e-01, -2.1343e-01,  ..., -1.0350e-01,
           1.9653e-01, -2.3992e-01],
         [ 1.0552e-01,  4.6459e-01, -5.4493e-01,  ...,  1.5862e-01,
           1.3168e-01, -1.5313e-01],
         [ 1.0868e-01,  3.1753e-01,  1.1656e-02,  ..., -2.2094e-02,
          -4.7279e-02,  5.2755e-03]],

        [[ 3.0308e-04,  3.8306e-02,  2.5054e-02,  ...,  6.1209e-03,
           4.0625e-03, -4.0226e-03],
         [ 2.4297e-01, -1.0471e-02,  9.0203e-02,  ..., -4.3656e-02,
          -1.4243e-01,  2.5435e-01],
         [ 1.8131e-01, -9.5611e-03,  3.1960e-01,  ...,  8.2019e-02,
          -2.1355e-01,  1.6428e-01],
         ...,
         [ 2.1887e-01, -1.3172e-01, -2.1343e-01,  ..., -1.0350e-01,
           1.9653e-01, -2.3992e-01],
         [ 1.0552e-01,  4.6459e-01, -5.4493e-01,  ...,  1.5862e-01,
           1.3168e-01, -1.5313e-01],
         [ 1.0868e-01,  3.1753e-01,  1.1656e-02,  ..., -2.2094e-02,
          -4.7279e-02,  5.2755e-03]],

        [[ 3.0308e-04,  3.8306e-02,  2.5054e-02,  ...,  6.1209e-03,
           4.0625e-03, -4.0226e-03],
         [ 2.4297e-01, -1.0471e-02,  9.0203e-02,  ..., -4.3656e-02,
          -1.4243e-01,  2.5435e-01],
         [ 1.8131e-01, -9.5611e-03,  3.1960e-01,  ...,  8.2019e-02,
          -2.1355e-01,  1.6428e-01],
         ...,
         [ 2.1887e-01, -1.3172e-01, -2.1343e-01,  ..., -1.0350e-01,
           1.9653e-01, -2.3992e-01],
         [ 1.0552e-01,  4.6459e-01, -5.4493e-01,  ...,  1.5862e-01,
           1.3168e-01, -1.5313e-01],
         [ 1.0868e-01,  3.1753e-01,  1.1656e-02,  ..., -2.2094e-02,
          -4.7279e-02,  5.2755e-03]]], device='cuda:0'), hidden_states=None, attentions=None)   tensor([[1, 1, 1,  ..., 0, 0, 0],
        [1, 1, 1,  ..., 0, 0, 0],
        [1, 1, 1,  ..., 0, 0, 0],
        ...,
        [1, 1, 1,  ..., 1, 1, 1],
        [1, 1, 1,  ..., 1, 1, 1],
        [1, 1, 1,  ..., 1, 1, 1]], device='cuda:0')   None   None   None   None  
EXPFT OUTPUT:  tensor([[[-1.8814,  0.9403,  2.0644,  ...,  0.4596,  0.8441,  0.5730]],

        [[-4.4603,  0.6232,  2.9560,  ...,  0.5878,  0.5808,  0.5382]],

        [[-0.2831,  1.9474,  3.5558,  ...,  1.6653,  1.7214,  1.9416]],

        ...,

        [[-0.2579,  0.6180,  3.2355,  ..., -0.4747,  0.5323,  0.1421]],

        [[-1.4583,  0.0953,  3.0836,  ...,  0.2578,  0.1554,  0.2344]],

        [[-0.9937,  0.1625,  3.6193,  ...,  0.3573,  0.2400,  0.4438]]],
       device='cuda:0')
curlen  4
EXPFT input path  tensor([[    2, 12815,  1156,   815],
        [    2,  9089,  2275, 19931],
        [    2, 21169,    12,     8],
        [    2,   448, 40741,  3463],
        [    2, 12815,  1221,  8142],
        [    2, 24671, 21723,  4500],
        [    2,   133,   468, 10149],
        [    2, 24270, 12070,     9],
        [    2,   250,  5893,     8]], device='cuda:0')
EXPFT model_inputs:  None   BaseModelOutput(last_hidden_state=tensor([[[-2.5272e-03,  3.6527e-02,  1.7901e-02,  ...,  1.1135e-02,
          -2.2884e-03, -2.9418e-03],
         [-6.8607e-02,  1.9765e-01,  1.6544e-01,  ...,  3.6815e-02,
           4.9250e-02, -1.7402e-03],
         [ 1.0146e-01,  1.0406e-02,  6.0448e-01,  ..., -3.7020e-02,
          -1.1037e-01, -1.1018e-01],
         ...,
         [-1.6875e-01, -9.8480e-02, -6.0634e-01,  ...,  4.1635e-02,
           4.2197e-02,  7.7572e-02],
         [-2.5275e-03,  3.6524e-02,  1.7864e-02,  ...,  1.1132e-02,
          -2.2845e-03, -2.9360e-03],
         [-2.5248e-03,  3.6522e-02,  1.7841e-02,  ...,  1.1133e-02,
          -2.2846e-03, -2.9331e-03]],

        [[-2.5272e-03,  3.6527e-02,  1.7901e-02,  ...,  1.1135e-02,
          -2.2884e-03, -2.9418e-03],
         [-6.8607e-02,  1.9765e-01,  1.6544e-01,  ...,  3.6815e-02,
           4.9250e-02, -1.7402e-03],
         [ 1.0146e-01,  1.0406e-02,  6.0448e-01,  ..., -3.7020e-02,
          -1.1037e-01, -1.1018e-01],
         ...,
         [-1.6875e-01, -9.8480e-02, -6.0634e-01,  ...,  4.1635e-02,
           4.2197e-02,  7.7572e-02],
         [-2.5275e-03,  3.6524e-02,  1.7864e-02,  ...,  1.1132e-02,
          -2.2845e-03, -2.9360e-03],
         [-2.5248e-03,  3.6522e-02,  1.7841e-02,  ...,  1.1133e-02,
          -2.2846e-03, -2.9331e-03]],

        [[-2.5272e-03,  3.6527e-02,  1.7901e-02,  ...,  1.1135e-02,
          -2.2884e-03, -2.9418e-03],
         [-6.8607e-02,  1.9765e-01,  1.6544e-01,  ...,  3.6815e-02,
           4.9250e-02, -1.7402e-03],
         [ 1.0146e-01,  1.0406e-02,  6.0448e-01,  ..., -3.7020e-02,
          -1.1037e-01, -1.1018e-01],
         ...,
         [-1.6875e-01, -9.8480e-02, -6.0634e-01,  ...,  4.1635e-02,
           4.2197e-02,  7.7572e-02],
         [-2.5275e-03,  3.6524e-02,  1.7864e-02,  ...,  1.1132e-02,
          -2.2845e-03, -2.9360e-03],
         [-2.5248e-03,  3.6522e-02,  1.7841e-02,  ...,  1.1133e-02,
          -2.2846e-03, -2.9331e-03]],

        ...,

        [[ 3.0308e-04,  3.8306e-02,  2.5054e-02,  ...,  6.1209e-03,
           4.0625e-03, -4.0226e-03],
         [ 2.4297e-01, -1.0471e-02,  9.0203e-02,  ..., -4.3656e-02,
          -1.4243e-01,  2.5435e-01],
         [ 1.8131e-01, -9.5611e-03,  3.1960e-01,  ...,  8.2019e-02,
          -2.1355e-01,  1.6428e-01],
         ...,
         [ 2.1887e-01, -1.3172e-01, -2.1343e-01,  ..., -1.0350e-01,
           1.9653e-01, -2.3992e-01],
         [ 1.0552e-01,  4.6459e-01, -5.4493e-01,  ...,  1.5862e-01,
           1.3168e-01, -1.5313e-01],
         [ 1.0868e-01,  3.1753e-01,  1.1656e-02,  ..., -2.2094e-02,
          -4.7279e-02,  5.2755e-03]],

        [[ 3.0308e-04,  3.8306e-02,  2.5054e-02,  ...,  6.1209e-03,
           4.0625e-03, -4.0226e-03],
         [ 2.4297e-01, -1.0471e-02,  9.0203e-02,  ..., -4.3656e-02,
          -1.4243e-01,  2.5435e-01],
         [ 1.8131e-01, -9.5611e-03,  3.1960e-01,  ...,  8.2019e-02,
          -2.1355e-01,  1.6428e-01],
         ...,
         [ 2.1887e-01, -1.3172e-01, -2.1343e-01,  ..., -1.0350e-01,
           1.9653e-01, -2.3992e-01],
         [ 1.0552e-01,  4.6459e-01, -5.4493e-01,  ...,  1.5862e-01,
           1.3168e-01, -1.5313e-01],
         [ 1.0868e-01,  3.1753e-01,  1.1656e-02,  ..., -2.2094e-02,
          -4.7279e-02,  5.2755e-03]],

        [[ 3.0308e-04,  3.8306e-02,  2.5054e-02,  ...,  6.1209e-03,
           4.0625e-03, -4.0226e-03],
         [ 2.4297e-01, -1.0471e-02,  9.0203e-02,  ..., -4.3656e-02,
          -1.4243e-01,  2.5435e-01],
         [ 1.8131e-01, -9.5611e-03,  3.1960e-01,  ...,  8.2019e-02,
          -2.1355e-01,  1.6428e-01],
         ...,
         [ 2.1887e-01, -1.3172e-01, -2.1343e-01,  ..., -1.0350e-01,
           1.9653e-01, -2.3992e-01],
         [ 1.0552e-01,  4.6459e-01, -5.4493e-01,  ...,  1.5862e-01,
           1.3168e-01, -1.5313e-01],
         [ 1.0868e-01,  3.1753e-01,  1.1656e-02,  ..., -2.2094e-02,
          -4.7279e-02,  5.2755e-03]]], device='cuda:0'), hidden_states=None, attentions=None)   tensor([[1, 1, 1,  ..., 0, 0, 0],
        [1, 1, 1,  ..., 0, 0, 0],
        [1, 1, 1,  ..., 0, 0, 0],
        ...,
        [1, 1, 1,  ..., 1, 1, 1],
        [1, 1, 1,  ..., 1, 1, 1],
        [1, 1, 1,  ..., 1, 1, 1]], device='cuda:0')   None   None   None   None  
EXPFT OUTPUT:  tensor([[[-1.7485,  0.9352,  2.5372,  ...,  0.6379,  0.8151,  0.8790]],

        [[-3.3739,  0.6862,  2.3515,  ...,  0.3203,  0.7983,  0.2024]],

        [[-9.1896,  1.0904,  1.2712,  ...,  0.7932,  0.8913,  0.6815]],

        ...,

        [[-5.6980,  0.2043,  2.4273,  ...,  0.1192,  0.2753,  0.4232]],

        [[ 0.2949,  0.8732,  2.7606,  ...,  0.3266,  0.0508, -0.1369]],

        [[-0.6534,  0.9943,  2.6059,  ...,  1.1590,  0.8744,  1.1310]]],
       device='cuda:0')
curlen  5
EXPFT input path  tensor([[    2, 12815,  1156,   815,  1960],
        [    2,  9089,  2275, 19931, 19931],
        [    2, 21169,    12,     8,  2000],
        [    2,   448, 40741,  3463,  8142],
        [    2, 12815,  1221,  8142,   397],
        [    2, 24671, 21723,  4500,    18],
        [    2,   133,   468, 10149,  6912],
        [    2, 24270, 12070,     9,    34],
        [    2,   250,  5893,     8,    16]], device='cuda:0')
curlen  6
EXPFT input path  tensor([[    2, 12815,  1156,   815,  1960, 33270],
        [    2,  9089,  2275, 19931, 19931,  1960],
        [    2, 21169,    12,     8,  2000, 19931],
        [    2,   448, 40741,  3463,  8142,   397],
        [    2, 12815,  1221,  8142,   397,  3086],
        [    2, 24671, 21723,  4500,    18,   320],
        [    2,   133,   468, 10149,  6912,    34],
        [    2, 24270, 12070,     9,    34,  1027],
        [    2,   250,  5893,     8,    16,   703]], device='cuda:0')
curlen  7
EXPFT input path  tensor([[    2, 12815,  1156,   815,  1960, 33270,  2359],
        [    2,  9089,  2275, 19931, 19931,  1960, 33270],
        [    2, 21169,    12,     8,  2000, 19931,  1960],
        [    2,   448, 40741,  3463,  8142,   397,  3086],
        [    2, 12815,  1221,  8142,   397,  3086, 21723],
        [    2, 24671, 21723,  4500,    18,   320,  1221],
        [    2,   133,   468, 10149,  6912,    34,    57],
        [    2, 24270, 12070,     9,    34,  1027,    10],
        [    2,   250,  5893,     8,    16,   703,     5]], device='cuda:0')
curlen  8
EXPFT input path  tensor([[    2, 12815,  1156,   815,  1960, 33270,  2359,  2359],
        [    2,  9089,  2275, 19931, 19931,  1960, 33270,    34],
        [    2, 21169,    12,     8,  2000, 19931,  1960,    16],
        [    2,   448, 40741,  3463,  8142,   397,  3086, 21723],
        [    2, 12815,  1221,  8142,   397,  3086, 21723,   293],
        [    2, 24671, 21723,  4500,    18,   320,  1221,  8142],
        [    2,   133,   468, 10149,  6912,    34,    57, 16372],
        [    2, 24270, 12070,     9,    34,  1027,    10,    78],
        [    2,   250,  5893,     8,    16,   703,     5,  3520]],
       device='cuda:0')
curlen  9
EXPFT input path  tensor([[    2, 12815,  1156,   815,  1960, 33270,  2359,  2359,    34],
        [    2,  9089,  2275, 19931, 19931,  1960, 33270,    34,  4407],
        [    2, 21169,    12,     8,  2000, 19931,  1960,    16,  2296],
        [    2,   448, 40741,  3463,  8142,   397,  3086, 21723,   293],
        [    2, 12815,  1221,  8142,   397,  3086, 21723,   293,    40],
        [    2, 24671, 21723,  4500,    18,   320,  1221,  8142,    34],
        [    2,   133,   468, 10149,  6912,    34,    57, 16372,    13],
        [    2, 24270, 12070,     9,    34,  1027,    10,    78,    11],
        [    2,   250,  5893,     8,    16,   703,     5,  3520,  3156]],
       device='cuda:0')
curlen  10
EXPFT input path  tensor([[    2, 12815,  1156,   815,  1960, 33270,  2359,  2359,    34,    45],
        [    2,  9089,  2275, 19931, 19931,  1960, 33270,    34,  4407,  4407],
        [    2, 21169,    12,     8,  2000, 19931,  1960,    16,  2296,  2296],
        [    2,   448, 40741,  3463,  8142,   397,  3086, 21723,   293,    40],
        [    2, 12815,  1221,  8142,   397,  3086, 21723,   293,    40,    34],
        [    2, 24671, 21723,  4500,    18,   320,  1221,  8142,    34,    16],
        [    2,   133,   468, 10149,  6912,    34,    57, 16372,    13,  1089],
        [    2, 24270, 12070,     9,    34,  1027,    10,    78,    11,     5],
        [    2,   250,  5893,     8,    16,   703,     5,  3520,  3156,    10]],
       device='cuda:0')
curlen  11
EXPFT input path  tensor([[    2, 12815,  1156,   815,  1960, 33270,  2359,  2359,    34,    45,
          2181],
        [    2,  9089,  2275, 19931, 19931,  1960, 33270,    34,  4407,  4407,
            45],
        [    2, 21169,    12,     8,  2000, 19931,  1960,    16,  2296,  2296,
            10],
        [    2,   448, 40741,  3463,  8142,   397,  3086, 21723,   293,    40,
            57],
        [    2, 12815,  1221,  8142,   397,  3086, 21723,   293,    40,    34,
          2649],
        [    2, 24671, 21723,  4500,    18,   320,  1221,  8142,    34,    16,
            28],
        [    2,   133,   468, 10149,  6912,    34,    57, 16372,    13,  1089,
           468],
        [    2, 24270, 12070,     9,    34,  1027,    10,    78,    11,     5,
            78],
        [    2,   250,  5893,     8,    16,   703,     5,  3520,  3156,    10,
          4511]], device='cuda:0')
curlen  12
EXPFT input path  tensor([[    2, 12815,  1156,   815,  1960, 33270,  2359,  2359,    34,    45,
          2181,  2181],
        [    2,  9089,  2275, 19931, 19931,  1960, 33270,    34,  4407,  4407,
            45,     7],
        [    2, 21169,    12,     8,  2000, 19931,  1960,    16,  2296,  2296,
            10,   984],
        [    2,   448, 40741,  3463,  8142,   397,  3086, 21723,   293,    40,
            57,  3447],
        [    2, 12815,  1221,  8142,   397,  3086, 21723,   293,    40,    34,
          2649,     5],
        [    2, 24671, 21723,  4500,    18,   320,  1221,  8142,    34,    16,
            28,    66],
        [    2,   133,   468, 10149,  6912,    34,    57, 16372,    13,  1089,
           468, 10149],
        [    2, 24270, 12070,     9,    34,  1027,    10,    78,    11,     5,
            78,    86],
        [    2,   250,  5893,     8,    16,   703,     5,  3520,  3156,    10,
          4511,    13]], device='cuda:0')
curlen  13
EXPFT input path  tensor([[    2, 12815,  1156,   815,  1960, 33270,  2359,  2359,    34,    45,
          2181,  2181,     7],
        [    2,  9089,  2275, 19931, 19931,  1960, 33270,    34,  4407,  4407,
            45,     7,  3526],
        [    2, 21169,    12,     8,  2000, 19931,  1960,    16,  2296,  2296,
            10,   984,    10],
        [    2,   448, 40741,  3463,  8142,   397,  3086, 21723,   293,    40,
            57,  3447,    66],
        [    2, 12815,  1221,  8142,   397,  3086, 21723,   293,    40,    34,
          2649,     5,  1079],
        [    2, 24671, 21723,  4500,    18,   320,  1221,  8142,    34,    16,
            28,    66,    13],
        [    2,   133,   468, 10149,  6912,    34,    57, 16372,    13,  1089,
           468, 10149,     4],
        [    2, 24270, 12070,     9,    34,  1027,    10,    78,    11,     5,
            78,    86,    13],
        [    2,   250,  5893,     8,    16,   703,     5,  3520,  3156,    10,
          4511,    13,    18]], device='cuda:0')
curlen  14
EXPFT input path  tensor([[    2, 12815,  1156,   815,  1960, 33270,  2359,  2359,    34,    45,
          2181,  2181,     7,  3526],
        [    2,  9089,  2275, 19931, 19931,  1960, 33270,    34,  4407,  4407,
            45,     7,  3526,    10],
        [    2, 21169,    12,     8,  2000, 19931,  1960,    16,  2296,  2296,
            10,   984,    10,   984],
        [    2,   448, 40741,  3463,  8142,   397,  3086, 21723,   293,    40,
            57,  3447,    66,    13],
        [    2, 12815,  1221,  8142,   397,  3086, 21723,   293,    40,    34,
          2649,     5,  1079,     9],
        [    2, 24671, 21723,  4500,    18,   320,  1221,  8142,    34,    16,
            28,    66,    13,    62],
        [    2,   133,   468, 10149,  6912,    34,    57, 16372,    13,  1089,
           468, 10149,     4,  1089],
        [    2, 24270, 12070,     9,    34,  1027,    10,    78,    11,     5,
            78,    86,    13,   727],
        [    2,   250,  5893,     8,    16,   703,     5,  3520,  3156,    10,
          4511,    13,    18,     5]], device='cuda:0')
curlen  15
EXPFT input path  tensor([[    2, 12815,  1156,   815,  1960, 33270,  2359,  2359,    34,    45,
          2181,  2181,     7,  3526,   984],
        [    2,  9089,  2275, 19931, 19931,  1960, 33270,    34,  4407,  4407,
            45,     7,  3526,    10,     8],
        [    2, 21169,    12,     8,  2000, 19931,  1960,    16,  2296,  2296,
            10,   984,    10,   984,  1103],
        [    2,   448, 40741,  3463,  8142,   397,  3086, 21723,   293,    40,
            57,  3447,    66,    13,     5],
        [    2, 12815,  1221,  8142,   397,  3086, 21723,   293,    40,    34,
          2649,     5,  1079,     9,     5],
        [    2, 24671, 21723,  4500,    18,   320,  1221,  8142,    34,    16,
            28,    66,    13,    62,     7],
        [    2,   133,   468, 10149,  6912,    34,    57, 16372,    13,  1089,
           468, 10149,     4,  1089,   468],
        [    2, 24270, 12070,     9,    34,  1027,    10,    78,    11,     5,
            78,    86,    13,   727,   212],
        [    2,   250,  5893,     8,    16,   703,     5,  3520,  3156,    10,
          4511,    13,    18,     5,  1089]], device='cuda:0')
curlen  16
EXPFT input path  tensor([[    2, 12815,  1156,   815,  1960, 33270,  2359,  2359,    34,    45,
          2181,  2181,     7,  3526,   984,   418],
        [    2,  9089,  2275, 19931, 19931,  1960, 33270,    34,  4407,  4407,
            45,     7,  3526,    10,     8,     4],
        [    2, 21169,    12,     8,  2000, 19931,  1960,    16,  2296,  2296,
            10,   984,    10,   984,  1103,   134],
        [    2,   448, 40741,  3463,  8142,   397,  3086, 21723,   293,    40,
            57,  3447,    66,    13,     5,   191],
        [    2, 12815,  1221,  8142,   397,  3086, 21723,   293,    40,    34,
          2649,     5,  1079,     9,     5,  1079],
        [    2, 24671, 21723,  4500,    18,   320,  1221,  8142,    34,    16,
            28,    66,    13,    62,     7,   411],
        [    2,   133,   468, 10149,  6912,    34,    57, 16372,    13,  1089,
           468, 10149,     4,  1089,   468,  4038],
        [    2, 24270, 12070,     9,    34,  1027,    10,    78,    11,     5,
            78,    86,    13,   727,   212,   696],
        [    2,   250,  5893,     8,    16,   703,     5,  3520,  3156,    10,
          4511,    13,    18,     5,  1089,  4115]], device='cuda:0')
curlen  17
EXPFT input path  tensor([[    2, 12815,  1156,   815,  1960, 33270,  2359,  2359,    34,    45,
          2181,  2181,     7,  3526,   984,   418, 12503],
        [    2,  9089,  2275, 19931, 19931,  1960, 33270,    34,  4407,  4407,
            45,     7,  3526,    10,     8,     4,    12],
        [    2, 21169,    12,     8,  2000, 19931,  1960,    16,  2296,  2296,
            10,   984,    10,   984,  1103,   134,   119],
        [    2,   448, 40741,  3463,  8142,   397,  3086, 21723,   293,    40,
            57,  3447,    66,    13,     5,   191,    71],
        [    2, 12815,  1221,  8142,   397,  3086, 21723,   293,    40,    34,
          2649,     5,  1079,     9,     5,  1079,    19],
        [    2, 24671, 21723,  4500,    18,   320,  1221,  8142,    34,    16,
            28,    66,    13,    62,     7,   411,   142],
        [    2,   133,   468, 10149,  6912,    34,    57, 16372,    13,  1089,
           468, 10149,     4,  1089,   468,  4038,   696],
        [    2, 24270, 12070,     9,    34,  1027,    10,    78,    11,     5,
            78,    86,    13,   727,   212,   696,     4],
        [    2,   250,  5893,     8,    16,   703,     5,  3520,  3156,    10,
          4511,    13,    18,     5,  1089,  4115,  5403]], device='cuda:0')
curlen  18
EXPFT input path  tensor([[    2, 12815,  1156,   815,  1960, 33270,  2359,  2359,    34,    45,
          2181,  2181,     7,  3526,   984,   418, 12503,  1103],
        [    2,  9089,  2275, 19931, 19931,  1960, 33270,    34,  4407,  4407,
            45,     7,  3526,    10,     8,     4,    12,     4],
        [    2, 21169,    12,     8,  2000, 19931,  1960,    16,  2296,  2296,
            10,   984,    10,   984,  1103,   134,   119,   462],
        [    2,   448, 40741,  3463,  8142,   397,  3086, 21723,   293,    40,
            57,  3447,    66,    13,     5,   191,    71,    10],
        [    2, 12815,  1221,  8142,   397,  3086, 21723,   293,    40,    34,
          2649,     5,  1079,     9,     5,  1079,    19,  3606],
        [    2, 24671, 21723,  4500,    18,   320,  1221,  8142,    34,    16,
            28,    66,    13,    62,     7,   411,   142,     9],
        [    2,   133,   468, 10149,  6912,    34,    57, 16372,    13,  1089,
           468, 10149,     4,  1089,   468,  4038,   696,     4],
        [    2, 24270, 12070,     9,    34,  1027,    10,    78,    11,     5,
            78,    86,    13,   727,   212,   696,     4,     4],
        [    2,   250,  5893,     8,    16,   703,     5,  3520,  3156,    10,
          4511,    13,    18,     5,  1089,  4115,  5403,     6]],
       device='cuda:0')
curlen  19
EXPFT input path  tensor([[    2, 12815,  1156,   815,  1960, 33270,  2359,  2359,    34,    45,
          2181,  2181,     7,  3526,   984,   418, 12503,  1103,     4],
        [    2,  9089,  2275, 19931, 19931,  1960, 33270,    34,  4407,  4407,
            45,     7,  3526,    10,     8,     4,    12,     4, 31734],
        [    2, 21169,    12,     8,  2000, 19931,  1960,    16,  2296,  2296,
            10,   984,    10,   984,  1103,   134,   119,   462, 26097],
        [    2,   448, 40741,  3463,  8142,   397,  3086, 21723,   293,    40,
            57,  3447,    66,    13,     5,   191,    71,    10,    10],
        [    2, 12815,  1221,  8142,   397,  3086, 21723,   293,    40,    34,
          2649,     5,  1079,     9,     5,  1079,    19,  3606,  4117],
        [    2, 24671, 21723,  4500,    18,   320,  1221,  8142,    34,    16,
            28,    66,    13,    62,     7,   411,   142,     9,    10],
        [    2,   133,   468, 10149,  6912,    34,    57, 16372,    13,  1089,
           468, 10149,     4,  1089,   468,  4038,   696,     4,     5],
        [    2, 24270, 12070,     9,    34,  1027,    10,    78,    11,     5,
            78,    86,    13,   727,   212,   696,     4,     4,    24],
        [    2,   250,  5893,     8,    16,   703,     5,  3520,  3156,    10,
          4511,    13,    18,     5,  1089,  4115,  5403,     6,    61]],
       device='cuda:0')
curlen  20
EXPFT input path  tensor([[    2, 12815,  1156,   815,  1960, 33270,  2359,  2359,    34,    45,
          2181,  2181,     7,  3526,   984,   418, 12503,  1103,     4,  1103],
        [    2,  9089,  2275, 19931, 19931,  1960, 33270,    34,  4407,  4407,
            45,     7,  3526,    10,     8,     4,    12,     4, 31734,  9971],
        [    2, 21169,    12,     8,  2000, 19931,  1960,    16,  2296,  2296,
            10,   984,    10,   984,  1103,   134,   119,   462, 26097,     4],
        [    2,   448, 40741,  3463,  8142,   397,  3086, 21723,   293,    40,
            57,  3447,    66,    13,     5,   191,    71,    10,    10,  1356],
        [    2, 12815,  1221,  8142,   397,  3086, 21723,   293,    40,    34,
          2649,     5,  1079,     9,     5,  1079,    19,  3606,  4117, 12517],
        [    2, 24671, 21723,  4500,    18,   320,  1221,  8142,    34,    16,
            28,    66,    13,    62,     7,   411,   142,     9,    10,  4117],
        [    2,   133,   468, 10149,  6912,    34,    57, 16372,    13,  1089,
           468, 10149,     4,  1089,   468,  4038,   696,     4,     5,     1],
        [    2, 24270, 12070,     9,    34,  1027,    10,    78,    11,     5,
            78,    86,    13,   727,   212,   696,     4,     4,    24,     1],
        [    2,   250,  5893,     8,    16,   703,     5,  3520,  3156,    10,
          4511,    13,    18,     5,  1089,  4115,  5403,     6,    61,     1]],
       device='cuda:0')
curlen  21
EXPFT input path  tensor([[    2, 12815,  1156,   815,  1960, 33270,  2359,  2359,    34,    45,
          2181,  2181,     7,  3526,   984,   418, 12503,  1103,     4,  1103,
             1],
        [    2,  9089,  2275, 19931, 19931,  1960, 33270,    34,  4407,  4407,
            45,     7,  3526,    10,     8,     4,    12,     4, 31734,  9971,
             1],
        [    2, 21169,    12,     8,  2000, 19931,  1960,    16,  2296,  2296,
            10,   984,    10,   984,  1103,   134,   119,   462, 26097,     4,
             1],
        [    2,   448, 40741,  3463,  8142,   397,  3086, 21723,   293,    40,
            57,  3447,    66,    13,     5,   191,    71,    10,    10,  1356,
             4],
        [    2, 12815,  1221,  8142,   397,  3086, 21723,   293,    40,    34,
          2649,     5,  1079,     9,     5,  1079,    19,  3606,  4117, 12517,
          1356],
        [    2, 24671, 21723,  4500,    18,   320,  1221,  8142,    34,    16,
            28,    66,    13,    62,     7,   411,   142,     9,    10,  4117,
          1356],
        [    2,   133,   468, 10149,  6912,    34,    57, 16372,    13,  1089,
           468, 10149,     4,  1089,   468,  4038,   696,     4,     5,     1,
             1],
        [    2, 24270, 12070,     9,    34,  1027,    10,    78,    11,     5,
            78,    86,    13,   727,   212,   696,     4,     4,    24,     1,
             1],
        [    2,   250,  5893,     8,    16,   703,     5,  3520,  3156,    10,
          4511,    13,    18,     5,  1089,  4115,  5403,     6,    61,     1,
             1]], device='cuda:0')
curlen  22
EXPFT input path  tensor([[    2, 12815,  1156,   815,  1960, 33270,  2359,  2359,    34,    45,
          2181,  2181,     7,  3526,   984,   418, 12503,  1103,     4,  1103,
             1,     1],
        [    2,  9089,  2275, 19931, 19931,  1960, 33270,    34,  4407,  4407,
            45,     7,  3526,    10,     8,     4,    12,     4, 31734,  9971,
             1,     1],
        [    2, 21169,    12,     8,  2000, 19931,  1960,    16,  2296,  2296,
            10,   984,    10,   984,  1103,   134,   119,   462, 26097,     4,
             1,     1],
        [    2,   448, 40741,  3463,  8142,   397,  3086, 21723,   293,    40,
            57,  3447,    66,    13,     5,   191,    71,    10,    10,  1356,
             4,     4],
        [    2, 12815,  1221,  8142,   397,  3086, 21723,   293,    40,    34,
          2649,     5,  1079,     9,     5,  1079,    19,  3606,  4117, 12517,
          1356,     4],
        [    2, 24671, 21723,  4500,    18,   320,  1221,  8142,    34,    16,
            28,    66,    13,    62,     7,   411,   142,     9,    10,  4117,
          1356,    11],
        [    2,   133,   468, 10149,  6912,    34,    57, 16372,    13,  1089,
           468, 10149,     4,  1089,   468,  4038,   696,     4,     5,     1,
             1,     1],
        [    2, 24270, 12070,     9,    34,  1027,    10,    78,    11,     5,
            78,    86,    13,   727,   212,   696,     4,     4,    24,     1,
             1,     1],
        [    2,   250,  5893,     8,    16,   703,     5,  3520,  3156,    10,
          4511,    13,    18,     5,  1089,  4115,  5403,     6,    61,     1,
             1,     1]], device='cuda:0')
****************
SEQ OUT 2 BEAM EXPFT: 
---
Ex Premier footballer footballer Sam Sod has pleaded pleaded not to fraud a and.
Ex Premier footballer footballer Sam Sod has pleaded pleaded not to fraud a and.-.
Former England League Sam Sodjeje has not guilty guilty to fraud  money laundering charges.
---
Middlesex batsman Adam Voges will been ruled out for the season after a a injury.
Middlesex batsman Adam Voges will been ruled out for the season after a a injury..
Former Australia batsman Adam Voges will has miss the rest of the rest with suffering knee hamstring injury.
---
The Vogue Cambridge has been photographed for British Vogue.
The Vogue Cambridge has been photographed for British Vogue. British V anniversary issue.
British Duchess of has published a first in the first time for 100th issue..
---
****************
Yg ke - 0 :  {'rouge-1': {'r': 0.13780529755761953, 'p': 0.18833943833943834, 'f': 0.15876436292621196}, 'rouge-2': {'r': 0.020833333333333332, 'p': 0.025641025641025644, 'f': 0.0229885040982958}, 'rouge-l': {'r': 0.13780529755761953, 'p': 0.18833943833943834, 'f': 0.15876436292621196}}
Yg ke - 1 :  {'rouge-1': {'r': 0.2070175438596491, 'p': 0.25297619047619047, 'f': 0.2261322873550821}, 'rouge-2': {'r': 0.07407407407407407, 'p': 0.09523809523809523, 'f': 0.08333333169270836}, 'rouge-l': {'r': 0.2070175438596491, 'p': 0.25297619047619047, 'f': 0.2261322873550821}}
Yg ke - 2 :  {'rouge-1': {'r': 0.1084967320261438, 'p': 0.14423076923076925, 'f': 0.12190475879593206}, 'rouge-2': {'r': 0.020833333333333332, 'p': 0.025641025641025644, 'f': 0.0229885040982958}, 'rouge-l': {'r': 0.08627450980392158, 'p': 0.1185897435897436, 'f': 0.09809523498640828}}
