EXP model_inputs:  {'input_ids': None, 'encoder_outputs': BaseModelOutput(last_hidden_state=tensor([[[-0.0025,  0.0365,  0.0179,  ...,  0.0111, -0.0023, -0.0029],                                                                            
         [-0.0686,  0.1976,  0.1654,  ...,  0.0368,  0.0493, -0.0017],                                                                                                                                                                        
         [ 0.1015,  0.0104,  0.6045,  ..., -0.0370, -0.1104, -0.1102],                                                                                                                                                                        
         ...,                                                                                                                                                                                                                                 
         [-0.1688, -0.0985, -0.6063,  ...,  0.0416,  0.0422,  0.0776],                                                                                                                                                                        
         [-0.0025,  0.0365,  0.0179,  ...,  0.0111, -0.0023, -0.0029],                                                                                                                                                                        
         [-0.0025,  0.0365,  0.0178,  ...,  0.0111, -0.0023, -0.0029]],                                                                                                                                                                       
                                                                                                                                                                                                                                              
        [[-0.0025,  0.0365,  0.0179,  ...,  0.0111, -0.0023, -0.0029],                                                                                                                                                                        
         [-0.0686,  0.1976,  0.1654,  ...,  0.0368,  0.0493, -0.0017],                                                                                                                                                                        
         [ 0.1015,  0.0104,  0.6045,  ..., -0.0370, -0.1104, -0.1102],                                                                                                                                                                        
         ...,                                                                                                                                                                                                                                 
         [-0.1688, -0.0985, -0.6063,  ...,  0.0416,  0.0422,  0.0776],                                                                                                                                                                        
         [-0.0025,  0.0365,  0.0179,  ...,  0.0111, -0.0023, -0.0029],                                                                                                                                                                        
         [-0.0025,  0.0365,  0.0178,  ...,  0.0111, -0.0023, -0.0029]],                                                                                                                                                                       
                                                                                                                                                                                                                                              
        [[-0.0025,  0.0365,  0.0179,  ...,  0.0111, -0.0023, -0.0029],                                                                                                                                                                        
         [-0.0686,  0.1976,  0.1654,  ...,  0.0368,  0.0493, -0.0017],                                                                                                                                                                        
         [ 0.1015,  0.0104,  0.6045,  ..., -0.0370, -0.1104, -0.1102],                                                                                                                                                                        
         ...,                                                                                                                                                                                                                                 
         [-0.1688, -0.0985, -0.6063,  ...,  0.0416,  0.0422,  0.0776],                                                                                                                                                                        
         [-0.0025,  0.0365,  0.0179,  ...,  0.0111, -0.0023, -0.0029],                                                                                                                                                                        
         [-0.0025,  0.0365,  0.0178,  ...,  0.0111, -0.0023, -0.0029]],                                                                                                                                                                       
                                                                                                                                                                                                                                              
        ...,                                                                                                                                                                                                                                  
                                                                                                                                                                                                                                              
        [[-0.0018,  0.0402,  0.0264,  ...,  0.0105,  0.0015, -0.0036],                                                                                                                                                                        
         [-0.2487,  0.1335,  0.2756,  ..., -0.1141, -0.1746,  0.2186],                                                                                                                                                                        
         [-0.0617, -0.1944, -0.0562,  ...,  0.1674,  0.0440,  0.1859],                                                                                                                                                                        
         ...,                                                                                                                                                                                                                                 
         [-0.1430,  0.3635, -0.1620,  ..., -0.0689,  0.1625,  0.0717],                                                                                                                                                                        
         [-0.2771,  0.2370, -0.6442,  ...,  0.0869,  0.0581, -0.1382],                                                                                                                                                                        
         [ 0.0900,  0.3243,  0.0835,  ..., -0.0034, -0.0527, -0.0033]],                                                                                                                                                                       
                                                                                                                                                                                                                                              
        [[-0.0018,  0.0402,  0.0264,  ...,  0.0105,  0.0015, -0.0036],                                                                                                                                                                        
         [-0.2487,  0.1335,  0.2756,  ..., -0.1141, -0.1746,  0.2186],                                                                                                                                                                        
         [-0.0617, -0.1944, -0.0562,  ...,  0.1674,  0.0440,  0.1859],                                                                                                                                                                        
         ...,
         [-0.1430,  0.3635, -0.1620,  ..., -0.0689,  0.1625,  0.0717],
         [-0.2771,  0.2370, -0.6442,  ...,  0.0869,  0.0581, -0.1382],
         [ 0.0900,  0.3243,  0.0835,  ..., -0.0034, -0.0527, -0.0033]],

        [[-0.0018,  0.0402,  0.0264,  ...,  0.0105,  0.0015, -0.0036],
         [-0.2487,  0.1335,  0.2756,  ..., -0.1141, -0.1746,  0.2186],
         [-0.0617, -0.1944, -0.0562,  ...,  0.1674,  0.0440,  0.1859],
         ...,
         [-0.1430,  0.3635, -0.1620,  ..., -0.0689,  0.1625,  0.0717],
         [-0.2771,  0.2370, -0.6442,  ...,  0.0869,  0.0581, -0.1382],
         [ 0.0900,  0.3243,  0.0835,  ..., -0.0034, -0.0527, -0.0033]]],
       device='cuda:0', grad_fn=<IndexSelectBackward>), hidden_states=None, attentions=None), 'past_key_values': None, 'decoder_input_ids': tensor([[2],
        [2],
        [2],
        [2],
        [2],
        [2],
        [2],
        [2],
        [2],
        [2],
        [2],
        [2],
        [2],
        [2],
        [2],
        [2],
        [2],
        [2],
        [2],
        [2],
        [2],
        [2],
        [2],
        [2],
        [2],
        [2],
        [2],
        [2],
        [2],
        [2]], device='cuda:0'), 'attention_mask': tensor([[1, 1, 1,  ..., 0, 0, 0],
        [1, 1, 1,  ..., 0, 0, 0],
        [1, 1, 1,  ..., 0, 0, 0],
        ...,
        [1, 1, 1,  ..., 1, 1, 1],
        [1, 1, 1,  ..., 1, 1, 1],
        [1, 1, 1,  ..., 1, 1, 1]], device='cuda:0'), 'head_mask': None, 'decoder_head_mask': None, 'cross_attn_head_mask': None, 'use_cache': None}
EXP output_attentions  False                                                                                                                                                                                                                  
EXP output_hidden_states:  False      

BEAM ASLIII

BS model_inputs:  {'input_ids': None, 'encoder_outputs': BaseModelOutput(last_hidden_state=tensor([[[-0.0025,  0.0365,  0.0179,  ...,  0.0111, -0.0023, -0.0029],                                                                             
         [-0.0686,  0.1976,  0.1654,  ...,  0.0368,  0.0493, -0.0017],                                                                                                                                                                        
         [ 0.1015,  0.0104,  0.6045,  ..., -0.0370, -0.1104, -0.1102],                                                                                                                                                                        
         ...,                                                                                                                                                                                                                                 
         [-0.1687, -0.0985, -0.6063,  ...,  0.0416,  0.0422,  0.0776],                                                                                                                                                                        
         [-0.0025,  0.0365,  0.0179,  ...,  0.0111, -0.0023, -0.0029],                                                                                                                                                                        
         [-0.0025,  0.0365,  0.0178,  ...,  0.0111, -0.0023, -0.0029]],                                                                                                                                                                       
                                                                                                                                                                                                                                              
        [[-0.0025,  0.0365,  0.0179,  ...,  0.0111, -0.0023, -0.0029],                                                                                                                                                                        
         [-0.0686,  0.1976,  0.1654,  ...,  0.0368,  0.0493, -0.0017],                                                                                                                                                                        
         [ 0.1015,  0.0104,  0.6045,  ..., -0.0370, -0.1104, -0.1102],                                                                                                                                                                        
         ...,                                                                                                                                                                                                                                 
         [-0.1687, -0.0985, -0.6063,  ...,  0.0416,  0.0422,  0.0776],                                                                                                                                                                        
         [-0.0025,  0.0365,  0.0179,  ...,  0.0111, -0.0023, -0.0029],                                                                                                                                                                        
         [-0.0025,  0.0365,  0.0178,  ...,  0.0111, -0.0023, -0.0029]],                                                                                                                                                                       
                                                                                                                                                                                                                                              
        [[-0.0025,  0.0365,  0.0179,  ...,  0.0111, -0.0023, -0.0029],                                                                                                                                                                        
         [-0.0686,  0.1976,  0.1654,  ...,  0.0368,  0.0493, -0.0017],                                                                                                                                                                        
         [ 0.1015,  0.0104,  0.6045,  ..., -0.0370, -0.1104, -0.1102],                                                                                                                                                                        
         ...,                                                                                                                                                                                                                                 
         [-0.1687, -0.0985, -0.6063,  ...,  0.0416,  0.0422,  0.0776],                                                                                                                                                                        
         [-0.0025,  0.0365,  0.0179,  ...,  0.0111, -0.0023, -0.0029],                                                                                                                                                                        
         [-0.0025,  0.0365,  0.0178,  ...,  0.0111, -0.0023, -0.0029]],                                                                                                                                                                       

        ...,

        [[-0.0018,  0.0402,  0.0264,  ...,  0.0105,  0.0015, -0.0036],
         [-0.2487,  0.1335,  0.2756,  ..., -0.1141, -0.1746,  0.2186],
         [-0.0617, -0.1944, -0.0562,  ...,  0.1674,  0.0440,  0.1859],
         ...,
         [-0.1430,  0.3635, -0.1620,  ..., -0.0689,  0.1625,  0.0717],
         [-0.2771,  0.2370, -0.6442,  ...,  0.0869,  0.0581, -0.1382],
         [ 0.0900,  0.3243,  0.0835,  ..., -0.0034, -0.0527, -0.0033]],

        [[-0.0018,  0.0402,  0.0264,  ...,  0.0105,  0.0015, -0.0036],
         [-0.2487,  0.1335,  0.2756,  ..., -0.1141, -0.1746,  0.2186],
         [-0.0617, -0.1944, -0.0562,  ...,  0.1674,  0.0440,  0.1859],
         ...,
         [-0.1430,  0.3635, -0.1620,  ..., -0.0689,  0.1625,  0.0717],
         [-0.2771,  0.2370, -0.6442,  ...,  0.0869,  0.0581, -0.1382],
         [ 0.0900,  0.3243,  0.0835,  ..., -0.0034, -0.0527, -0.0033]],

        [[-0.0018,  0.0402,  0.0264,  ...,  0.0105,  0.0015, -0.0036],
         [-0.2487,  0.1335,  0.2756,  ..., -0.1141, -0.1746,  0.2186],
         [-0.0617, -0.1944, -0.0562,  ...,  0.1674,  0.0440,  0.1859],
         ...,
         [-0.1430,  0.3635, -0.1620,  ..., -0.0689,  0.1625,  0.0717],
         [-0.2771,  0.2370, -0.6442,  ...,  0.0869,  0.0581, -0.1382],
         [ 0.0900,  0.3243,  0.0835,  ..., -0.0034, -0.0527, -0.0033]]],
         device='cuda:0'), hidden_states=None, attentions=None), 'past_key_values': None, 'decoder_input_ids': tensor([[2],
        [2],
        [2],
        [2],
        [2],
        [2],
        [2],
        [2],
        [2],
        [2],
        [2],
        [2],
        [2],
        [2],
        [2],
        [2],
        [2],
        [2],
        [2],
        [2],
        [2],
        [2],
        [2],
        [2],
        [2],
        [2],
        [2],
        [2],
        [2],
        [2]], device='cuda:0'), 'attention_mask': tensor([[1, 1, 1,  ..., 0, 0, 0],
        [1, 1, 1,  ..., 0, 0, 0],
        [1, 1, 1,  ..., 0, 0, 0],
        ...,
        [1, 1, 1,  ..., 1, 1, 1],
        [1, 1, 1,  ..., 1, 1, 1],
        [1, 1, 1,  ..., 1, 1, 1]], device='cuda:0'), 'head_mask': None, 'decoder_head_mask': None, 'cross_attn_head_mask': None, 'use_cache': None}
BS output_attentions:  False
BS output_hidden_states:  False
