 
"EXP OUTPUT" 
 
 device='cuda:0', grad_fn=<TransposeBackward0>), tensor([[[[ 0.0045,  0.0031, -0.0029,  ...,  0.0039, -0.0030, -0.0065]],                                                                                                            
                                                                                                                                                                                                                                           
         [[ 0.0026, -0.0030, -0.0022,  ...,  0.0018,  0.0040,  0.0026]],                                                                                                                                                                   
                                                                                                                                                                                                                                           
         [[ 0.0057, -0.0038, -0.0023,  ...,  0.0064,  0.0012, -0.0096]],                                                                                                                                                                   
                                                                                                                                                                                                                                           
         ...,                                                                                                                                                                                                                              
                                                                                                                                                                                                                                           
         [[ 0.0044, -0.0113,  0.0044,  ...,  0.0086, -0.0040, -0.0073]],                                                                                                                                                                   
                                                                                                                                                                                                                                           
         [[-0.0037, -0.0003, -0.0044,  ...,  0.0056,  0.0073,  0.0020]],                                                                                                                                                                   
                                                                                                                                                                                                                                           
         [[-0.0024, -0.0009,  0.0110,  ..., -0.0029, -0.0029,  0.0106]]],                                                                                                                                                                  
                                                                                                                                                                                                                                           
                                                                                                                                                                                                                                           
        [[[ 0.0045,  0.0031, -0.0029,  ...,  0.0039, -0.0030, -0.0065]],                                                                                                                                                                   
                                                                                                                                                                                                                                           
         [[ 0.0026, -0.0030, -0.0022,  ...,  0.0018,  0.0040,  0.0026]],                                                                                                                                                                   
                                                                                                                                                                                                                                           
         [[ 0.0057, -0.0038, -0.0023,  ...,  0.0064,  0.0012, -0.0096]],                                                                                                                                                                   
                                                                                                                                                                                                                                           
         ...,                                                                                                                                                                                                                              
                                                                                                                                                                                                                                           
         [[ 0.0044, -0.0113,  0.0044,  ...,  0.0086, -0.0040, -0.0073]],                                                                                                                                                                   
                                                                                                                                                                                                                                           
         [[-0.0037, -0.0003, -0.0044,  ...,  0.0056,  0.0073,  0.0020]],                                                                                                                                                                   
                                                                                                                                                                                                                                           
         [[-0.0024, -0.0009,  0.0110,  ..., -0.0029, -0.0029,  0.0106]]],                                                                                                                                                                  
                                                                                                                                                                                                                                           
                                                                                                                                                                                                                                           
        [[[ 0.0045,  0.0031, -0.0029,  ...,  0.0039, -0.0030, -0.0065]],                                                                                                                                                                   
                                                                                                                                                                                                                                           
         [[ 0.0026, -0.0030, -0.0022,  ...,  0.0018,  0.0040,  0.0026]],                                                                                                                                                                   
                                                                                                                                                                                                                                           
         [[ 0.0057, -0.0038, -0.0023,  ...,  0.0064,  0.0012, -0.0096]],                                                                                                                                                                   
                                                                                                                                                                                                                                           
         ...,                                                 
        ...,                                                                                                                                                                                                                               
                                                                                                                                                                                                                                           
                                                                                                                                                                                                                                           
        [[[ 0.0007,  0.0123,  0.0083,  ...,  0.0034, -0.0021, -0.0042]],                                                                                                                                                                   
                                                                                                                                                                                                                                           
         [[-0.0068,  0.0063,  0.0057,  ...,  0.0017,  0.0016, -0.0017]],                                                                                                                                                                   
                                                                                                                                                                                                                                           
         [[ 0.0096,  0.0030,  0.0015,  ...,  0.0038, -0.0063, -0.0051]],                                                                                                                                                                   
                                                                                                                                                                                                                                           
         ...,                                                                                                                                                                                                                              
                                                                                                                                                                                                                                           
         [[ 0.0126, -0.0056, -0.0048,  ..., -0.0043,  0.0065, -0.0055]],                                                                                                                                                                   
                                                                                                                                                                                                                                           
         [[-0.0016, -0.0009, -0.0074,  ...,  0.0036,  0.0010,  0.0041]],                                                                                                                                                                   
                                                                                                                                                                                                                                           
         [[ 0.0005, -0.0086, -0.0043,  ..., -0.0062, -0.0088,  0.0017]]],                                                                                                                                                                  
                                                                                                                                                                                                                                           
                                                                                                                                                                                                                                           
        [[[ 0.0007,  0.0123,  0.0083,  ...,  0.0034, -0.0021, -0.0042]],                                                                                                                                                                   
                                                                                                                                                                                                                                           
         [[-0.0068,  0.0063,  0.0057,  ...,  0.0017,  0.0016, -0.0017]],                                                                                                                                                                   
                                                                                                                                                                                                                                           
         [[ 0.0096,  0.0030,  0.0015,  ...,  0.0038, -0.0063, -0.0051]],                                                                                                                                                                   
                                                                                                                                                                                                                                           
         ...,                                                                                                                                                                                                                              
                                                                                                                                                                                                                                           
         [[ 0.0126, -0.0056, -0.0048,  ..., -0.0043,  0.0065, -0.0055]],                                                                                                                                                                   
                                                                                                                                                                                                                                           
         [[-0.0016, -0.0009, -0.0074,  ...,  0.0036,  0.0010,  0.0041]],                                                                                                                                                                   
                                                                                                                                                                                                                                           
         [[ 0.0005, -0.0086, -0.0043,  ..., -0.0062, -0.0088,  0.0017]]],                                                                                                                                                                  
                                                                                                                                                                                                                                           
                                                                                                                                                                                                                                           
        [[[ 0.0007,  0.0123,  0.0083,  ...,  0.0034, -0.0021, -0.0042]],                                                                                                                                                                   
                                                                                                                                                                                                                                           
         [[-0.0068,  0.0063,  0.0057,  ...,  0.0017,  0.0016, -0.0017]],                                                                                                                                                                   
                                                                                                                                                                                                                                           
         [[ 0.0096,  0.0030,  0.0015,  ...,  0.0038, -0.0063, -0.0051]],                                                                                                                                                                   

         ...,

         [[ 0.0126, -0.0056, -0.0048,  ..., -0.0043,  0.0065, -0.0055]],

         [[-0.0016, -0.0009, -0.0074,  ...,  0.0036,  0.0010,  0.0041]],

         [[ 0.0005, -0.0086, -0.0043,  ..., -0.0062, -0.0088,  0.0017]]]],
        device='cuda:0', grad_fn=<TransposeBackward0>), tensor([[[[ 2.8120, -0.4218, -1.3312,  ..., -0.4832,  0.1087, -2.8859],
          [ 3.7464, -1.5124, -1.1971,  ..., -1.0920, -0.6203, -3.0380],
          [ 3.0222, -1.7119, -1.6414,  ..., -1.2610, -1.2832, -3.3081],
          ...,
          [ 4.0610, -0.4538, -0.3372,  ..., -1.5840, -0.6036, -1.9615],
          [ 2.8121, -0.4218, -1.3312,  ..., -0.4832,  0.1087, -2.8859],
          [ 2.8121, -0.4218, -1.3312,  ..., -0.4832,  0.1087, -2.8859]],

         [[-0.7149, -1.0344, -0.5305,  ..., -0.5041, -0.4547,  0.0383],
          [ 1.1875,  0.1412,  0.0640,  ..., -0.2025, -0.3232,  0.2583],
          [ 0.4551,  0.1851, -0.3267,  ..., -0.5292,  0.2836,  0.1477],
          ...,
          [ 0.0892, -1.1962,  0.9238,  ..., -0.8723,  0.4526,  0.8957],
          [-0.7149, -1.0344, -0.5305,  ..., -0.5041, -0.4547,  0.0383],
          [-0.7149, -1.0344, -0.5304,  ..., -0.5041, -0.4547,  0.0383]],

         [[-0.2322,  0.2385, -0.2956,  ...,  2.2625, -1.8389, -2.4912],
          [-0.4448,  1.2135,  0.1983,  ...,  2.6796, -2.9002, -2.0377],
          [-0.6073,  1.5929,  0.9479,  ...,  2.3827, -3.0118, -1.8554],
          ...,
          [-0.1832,  0.3674,  1.2435,  ...,  1.7905, -3.5434, -3.1621],
          [-0.2322,  0.2385, -0.2956,  ...,  2.2625, -1.8389, -2.4912],
          [-0.2322,  0.2385, -0.2956,  ...,  2.2625, -1.8390, -2.4912]],

         ...,

         [[-1.0961,  1.0651,  1.1746,  ...,  1.1272,  0.2220, -0.2589],
          [-0.7796,  0.0844,  2.2905,  ...,  1.3036,  1.2550, -0.3919],
          [-0.9381,  0.0758,  2.2590,  ...,  1.5862,  0.6911,  0.2215],
          ...,
          [-1.1712,  1.0752,  2.4273,  ...,  0.4092, -0.7134,  1.1442],
          [-1.0961,  1.0651,  1.1746,  ...,  1.1272,  0.2220, -0.2589],
          [-1.0961,  1.0651,  1.1746,  ...,  1.1272,  0.2220, -0.2589]],

         [[ 1.3197, -0.1573,  0.8894,  ..., -1.5227,  0.7999,  2.9161],
          [ 1.0157, -0.8645,  0.6154,  ..., -1.9492,  1.1379,  2.2582],
          [ 0.3439, -0.3063,  2.2928,  ..., -1.5118,  0.2940,  1.5528],
          ...,
          [ 1.8239,  0.4583,  0.4945,  ..., -2.3516,  1.1408,  3.0031],
          [ 1.3197, -0.1573,  0.8894,  ..., -1.5227,  0.7999,  2.9161],
          [ 1.3197, -0.1573,  0.8894,  ..., -1.5227,  0.7999,  2.9161]],

         [[ 1.4949, -0.7773, -0.4540,  ...,  2.2372,  2.8676, -1.0162],
          [ 0.0080, -0.6334, -1.4254,  ...,  1.5412,  2.1723, -1.6439],
          [-0.0516, -0.4901, -1.7423,  ...,  1.8756,  1.5932, -2.2573],
      
      ...,                                                                                                                                                                                                                              
                                                                                                                                                                                                                                           
         [[-1.0916,  1.0682,  1.1703,  ...,  1.1228,  0.2271, -0.2694],                                                                                                                                                                    
          [-0.5941,  0.6418,  2.6928,  ...,  0.5797,  1.1895, -0.9371],                                                                                                                                                                    
          [-1.7120,  0.3535,  2.7342,  ...,  0.7879,  1.4704,  0.4143],                                                                                                                                                                    
          ...,                                                                                                                                                                                                                             
          [-0.5380,  0.9758,  3.5871,  ...,  1.2796,  0.5154,  0.2011],                                                                                                                                                                    
          [-0.5185,  0.5834,  2.8673,  ...,  1.1933,  0.0466,  0.9541],                                                                                                                                                                    
          [-1.4730,  1.3398,  1.8906,  ...,  1.7451,  0.3860,  0.5849]],                                                                                                                                                                   
                                                                                                                                                                                                                                           
         [[ 1.3147, -0.1615,  0.9172,  ..., -1.5231,  0.8147,  2.8985],                                                                                                                                                                    
          [ 0.9681,  0.3920,  1.3784,  ..., -1.6306,  0.7913,  2.2473],                                                                                                                                                                    
          [ 0.6703, -0.1699,  0.8732,  ..., -1.6708,  0.5770,  0.8998],                                                                                                                                                                    
          ...,                                                                                                                                                                                                                             
          [ 1.2940, -1.2934, -0.4182,  ..., -1.7396,  1.6774,  3.1577],                                                                                                                                                                    
          [ 1.9825, -0.5433,  1.1720,  ..., -2.5389,  1.3839,  3.0034],                                                                                                                                                                    
          [ 0.8307, -0.3037,  1.0068,  ..., -1.8813,  0.9354,  1.4890]],                                                                                                                                                                   
                                                                                                                                                                                                                                           
         [[ 1.4906, -0.7790, -0.4381,  ...,  2.2226,  2.8864, -1.0165],                                                                                                                                                                    
          [ 0.0868,  0.1247, -1.9700,  ...,  0.7275,  2.3028, -0.7856],                                                                                                                                                                    
          [ 0.9280,  0.1559, -0.6555,  ..., -0.0933,  2.2973, -1.8322],                                                                                                                                                                    
          ...,                                                                                                                                                                                                                             
          [ 1.9931, -0.7057, -0.7353,  ...,  2.1671,  2.8680, -2.4518],                                                                                                                                                                    
          [ 0.7715, -1.5295,  0.1233,  ...,  1.6422,  1.8604, -2.6031],                                                                                                                                                                    
          [ 1.8254, -0.0970, -0.8235,  ...,  2.5843,  2.5026, -1.7597]]],                                                                                                                                                                  
                                                                                                                                                                                                                                           
                                                                           
[[[ 2.8018, -0.4368, -1.3283,  ..., -0.5030,  0.1081, -2.8895],                                                                                                                                                                    
[ 4.0465, -1.8971, -0.7740,  ..., -2.1846, -0.7532, -2.3047],                                                                                                                                                                    
[ 3.5084, -1.8880, -1.1953,  ..., -2.4325, -0.1195, -2.8602],                                                                                                                                                                    
...,                                                                                                                                                                                                                             
[ 2.7049, -0.6152, -1.6411,  ..., -1.0749,  0.7779, -2.4465],                                                                                                                                                                    
[ 2.7135, -0.7687, -0.7856,  ..., -1.0400,  0.6969, -1.7028],                                                                                                                                                                    
[ 2.8044, -0.5239, -1.3970,  ..., -1.4166, -0.3260, -2.6490]],                                                                                                                                                                   
                                                                                                                                                                                                                                 
[[-0.7224, -1.0352, -0.5447,  ..., -0.5003, -0.4691,  0.0230],                                                                                                                                                                    
[ 0.9089, -0.5022, -0.2198,  ..., -0.3113,  0.4806,  0.6668],                                                                                                                                                                    
[ 0.1290, -0.6953, -0.2060,  ...,  0.2412, -0.7608, -0.0048],                                                                                                                                                                    
...,                                                                                                                                                                                                                             
[ 0.4267,  0.1823,  0.6667,  ..., -0.9533,  0.4710, -0.2734],                                                                                                                                                                    
[ 0.8280, -0.2545,  0.2436,  ..., -0.6699,  0.8082,  0.7222],                                                                                                                                                                    
[ 1.0988, -1.5660, -0.5341,  ...,  0.1496,  0.1714,  0.2964]],                                                                                                                                                                   
                                                                                                                                                                                                                                 
[[-0.2176,  0.2209, -0.2957,  ...,  2.2642, -1.8176, -2.4919],                                                                                                                                                                    
[-0.7973,  0.7135,  0.0424,  ...,  3.7752, -3.5835, -2.1031],                                                                                                                                                                    
[-1.3551,  0.8867,  0.4693,  ...,  2.9055, -3.1981, -3.0168],                                                                                                                                                                    
...,                                                                                                                                                                                                                             
[-0.5803,  1.4896,  0.4146,  ...,  1.7936, -4.1126, -2.1016],                                                                                                                                                                    
[-0.7925,  0.3679, -0.0101,  ...,  2.8515, -4.1438, -2.4470],                                                                                                                                                                    
[ 0.8721, -0.3720,  0.6642,  ...,  2.1723, -3.0337, -1.8259]],                                                                                                                                                                   
                                                                                                                                                                                                                                 
...,                                                                                                                                                                                                                              
                                                                                                                                                                                                                                 
[[-1.0916,  1.0682,  1.1703,  ...,  1.1228,  0.2271, -0.2694],                                                                                                                                                                    
[-0.5941,  0.6418,  2.6928,  ...,  0.5797,  1.1895, -0.9371],                                                                                                                                                                    
[-1.7120,  0.3535,  2.7342,  ...,  0.7879,  1.4704,  0.4143],                                                                                                                                                                    
...,                                                                                                                                                                                                                             
[-0.5380,  0.9758,  3.5871,  ...,  1.2796,  0.5154,  0.2011],                                                                                                                                                                    
[-0.5185,  0.5834,  2.8673,  ...,  1.1933,  0.0466,  0.9541],                                                                                                                                                                    
[-1.4730,  1.3398,  1.8906,  ...,  1.7451,  0.3860,  0.5849]],                                                                                                                                                                   
                                                                                                                                                                                                                                 
[[ 1.3147, -0.1615,  0.9172,  ..., -1.5231,  0.8147,  2.8985],                                                                                                                                                                    
[ 0.9681,  0.3920,  1.3784,  ..., -1.6306,  0.7913,  2.2473],                                                                                                                                                                    
[ 0.6703, -0.1699,  0.8732,  ..., -1.6708,  0.5770,  0.8998],                                                                                                                                                                    
...,                                                                                                                                                                                                                             
[ 1.2940, -1.2934, -0.4182,  ..., -1.7396,  1.6774,  3.1577],                                                                                                                                                                    
[ 1.9825, -0.5433,  1.1720,  ..., -2.5389,  1.3839,  3.0034],                                                                                                                                                                    
[ 0.8307, -0.3037,  1.0068,  ..., -1.8813,  0.9354,  1.4890]],                                                                                                                                                                   
                                                                                                                                                                                                                                 
[[ 1.4906, -0.7790, -0.4381,  ...,  2.2226,  2.8864, -1.0165],                                                                                                                                                                    
[ 0.0868,  0.1247, -1.9700,  ...,  0.7275,  2.3028, -0.7856],                                                                                                                                                                    
[ 0.9280,  0.1559, -0.6555,  ..., -0.0933,  2.2973, -1.8322],                                                                                                                                                                    
...,                                                                                                                                                                                                                             
[ 1.9931, -0.7057, -0.7353,  ...,  2.1671,  2.8680, -2.4518],                                                                                                                                                                    
[ 0.7715, -1.5295,  0.1233,  ...,  1.6422,  1.8604, -2.6031],                                                                                                                                                                    
[ 1.8254, -0.0970, -0.8235,  ...,  2.5843,  2.5026, -1.7597]]]],  
device='cuda:0', grad_fn=<CopyBackwards>), tensor([[[[-7.0522e-02, -1.4055e-02,  1.2720e-02,  ...,  4.8881e-02,                                                                                                                     
           -5.0684e-03, -7.6039e-02],                                                                                                                                                                                                      
          [-2.5406e-01, -1.4993e-01,  2.4714e-01,  ..., -3.0278e-01,                                                                                                                                                                       
           -4.9818e-01,  5.2483e-02],                                                                                                                                                                                                      
          [-1.6692e-02, -4.0571e-02,  4.2265e-01,  ..., -4.4052e-01,                                                                                                                                                                       
           -2.2114e-01, -2.4182e-01],
          ...,
          [-4.8713e-02,  7.9147e-02,  9.6502e-02,  ...,  2.5070e-01,
           -4.5605e-02,  1.6453e-01],
          [-7.0530e-02, -1.4073e-02,  1.2714e-02,  ...,  4.8876e-02,
           -5.0713e-03, -7.6015e-02],
          [-7.0537e-02, -1.4096e-02,  1.2725e-02,  ...,  4.8869e-02,
           -5.0595e-03, -7.6004e-02]],

         [[-1.0125e-02,  7.2380e-04,  1.1911e-02,  ..., -2.1033e-02,
           -2.7447e-02, -3.4264e-03],
          [ 4.8983e-01,  4.4164e-02,  2.9939e-01,  ...,  5.1938e-01,
           -4.5024e-02,  6.5834e-02],
          [ 4.7013e-01, -5.0149e-01, -5.8164e-02,  ...,  4.1392e-01,
            1.7812e-03,  3.5856e-01],
          ...,
          [-3.1444e-01,  2.2901e-01,  4.5676e-01,  ...,  4.0651e-02,
           -4.7777e-01,  2.1197e-01],
          [-1.0121e-02,  7.3359e-04,  1.1908e-02,  ..., -2.1012e-02,
           -2.7447e-02, -3.4134e-03],
          [-1.0113e-02,  7.3726e-04,  1.1895e-02,  ..., -2.0983e-02,
           -2.7441e-02, -3.4101e-03]],

         [[ 7.8297e-03,  4.7519e-02, -4.4488e-03,  ...,  9.8272e-03,
           -4.7521e-02, -1.6798e-02],
          [ 1.6812e-02, -3.4384e-01, -1.9757e-01,  ...,  2.1520e-01,
            2.2598e-01,  4.2369e-01],
          [-3.6225e-01,  1.2044e-01, -3.2554e-01,  ...,  1.2750e-01,
           -1.2293e-01,  7.1198e-01],
          ...,
          [-2.5111e-02, -2.9844e-01,  3.9174e-02,  ...,  3.1309e-01,
            2.1552e-01,  7.2889e-03],
          [ 7.8260e-03,  4.7497e-02, -4.4717e-03,  ...,  9.8264e-03,
           -4.7539e-02, -1.6785e-02],
          [ 7.8220e-03,  4.7496e-02, -4.4618e-03,  ...,  9.8255e-03,
           -4.7534e-02, -1.6785e-02]],

         ...,

        [[[-5.9067e-02, -2.4215e-02,  8.5465e-03,  ...,  4.9729e-02,                                                                                                                                                                       
            4.6324e-03, -7.8271e-02],                                                                                                                                                                                                      
          [ 2.5285e-01, -2.5844e-03,  3.0659e-02,  ..., -1.5715e-01,                                                                                                                                                                       
            6.7657e-02, -3.3244e-03],                                                                                                                                                                                                      
          [ 8.7513e-02,  1.1201e-01,  1.2387e-01,  ...,  2.3789e-01,                                                                                                                                                                       
           -6.3354e-01,  5.9144e-01],                                                                                                                                                                                                      
          ...,                                                                                                                                                                                                                             
          [-1.5806e-01,  1.5260e-01, -2.7991e-01,  ...,  1.0842e-01,                                                                                                                                                                       
            2.0763e-01, -1.0823e-01],                                                                                                                                                                                                      
          [-1.1765e-01, -1.9325e-03, -7.4360e-01,  ..., -3.8492e-01,                                                                                                                                                                       
           -1.4600e-01,  8.3872e-02],                                                                                                                                                                                                      
          [ 1.1237e-01, -2.5779e-01,  4.1941e-02,  ..., -1.6574e-01,                                                                                                                                                                       
           -2.3364e-01,  1.5667e-01]],                                                                                                                                                                                                     
                                                                                                                                                                                                                                           
         [[-5.7876e-03,  9.8681e-03,  5.8018e-03,  ..., -1.1389e-02,                                                                                                                                                                       
           -2.7833e-02,  7.1464e-03],                                                                                                                                                                                                      
          [ 1.6345e-01,  2.6977e-01,  1.0530e-01,  ...,  1.9334e-01,                                                                                                                                                                       
            4.3995e-01, -4.1466e-01],                                                                                                                                                                                                      
          [ 4.8273e-01, -8.3441e-01,  1.1906e+00,  ..., -6.8500e-01,                                                                                                                                                                       
            4.9440e-01, -4.6910e-01],                                                                                                                                                                                                      
          ...,                                                                                                                                                                                                                             
          [ 2.7998e-01, -1.2431e-01, -4.5365e-01,  ..., -3.9251e-01,                                                                                                                                                                       
           -1.0073e-01, -1.5946e-01],                                                                                                                                                                                                      
          [-3.3660e-01, -2.5129e-01, -2.6314e-01,  ...,  3.4667e-01,                                                                                                                                                                       
           -9.6662e-02, -3.0226e-01],                                                                                                                                                                                                      
          [-1.3084e-01,  1.5993e-03,  2.0483e-02,  ...,  4.6000e-01,
           -1.6315e-01,  3.6803e-02]],
...,                                                                                                                                                                                                                             
[-1.0824e-01, -3.1197e-01, -1.2071e-01,  ..., -2.8174e-01,                                                                                                                                                                       
  2.3241e-02, -5.3322e-01],                                                                                                                                                                                                      
[ 1.3266e-01, -2.3892e-01, -2.8595e-01,  ..., -3.3575e-01,                                                                                                                                                                       
 -5.2507e-01,  4.9918e-02],                                                                                                                                                                                                      
[ 3.1243e-01,  8.8485e-02, -2.7355e-02,  ..., -1.5558e+00,                                                                                                                                                                       
 -2.8724e-01,  3.4088e-03]],                                                                                                                                                                                                     
                                                                                                                                                                                                                                 
[[-7.4907e-02,  2.9552e-02,  2.0218e-01,  ...,  1.4236e-01,                                                                                                                                                                       
  1.0413e-01, -4.6173e-02],                                                                                                                                                                                                      
[ 8.2329e-03, -1.0453e-01,  2.9768e-02,  ...,  2.9238e-01,                                                                                                                                                                       
  4.9408e-01,  2.9498e-02],                                                                                                                                                                                                      
[ 4.8823e-02,  4.5448e-01,  5.9026e-02,  ...,  2.9547e-01,                                                                                                                                                                       
  2.9793e-01, -1.3843e-01],                                                                                                                                                                                                      
...,                                                                                                                                                                                                                             
[ 1.2230e-02,  1.2699e-01, -6.8598e-02,  ..., -9.5622e-02,                                                                                                                                                                       
 -3.5097e-01,  6.6615e-02],                                                                                                                                                                                                      
[-1.9903e-03,  3.9933e-01, -2.5095e-01,  ...,  8.8752e-02,                                                                                                                                                                       
  2.9566e-01, -3.3283e-01],                                                                                                                                                                                                      
[-1.4775e-01, -1.6116e-01, -2.3416e-02,  ...,  2.0402e-01,                                                                                                                                                                       
 -1.3719e-01,  2.0219e-01]]]], device='cuda:0', 
grad_fn=<CopyBackwards>))), decoder_hidden_states=None, decoder_attentions=None, cross_attentions=None, encoder_last_hidden_state=tensor([[[-2.5272e-03,  3.6527e-02,  1.7901e-02,  ...,  1.1135e-02,                               
-2.2884e-03, -2.9418e-03],                                                                                                                                                                                                       
[-6.8607e-02,  1.9765e-01,  1.6544e-01,  ...,  3.6815e-02,                                                                                                                                                                        
 4.9250e-02, -1.7402e-03],                                                                                                                                                                                                       
[ 1.0146e-01,  1.0406e-02,  6.0448e-01,  ..., -3.7020e-02,                                                                                                                                                                        
-1.1037e-01, -1.1018e-01],                                                                                                                                                                                                       
...,                                                                                                                                                                                                                              
[-1.6875e-01, -9.8480e-02, -6.0634e-01,  ...,  4.1635e-02,                                                                                                                                                                        
 4.2197e-02,  7.7572e-02],                                                                                                                                                                                                       
[-2.5275e-03,  3.6524e-02,  1.7864e-02,  ...,  1.1132e-02,                                                                                                                                                                        
-2.2845e-03, -2.9360e-03],                                                                                                                                                                                                       
[-2.5248e-03,  3.6522e-02,  1.7841e-02,  ...,  1.1133e-02,                                                                                                                                                                        
-2.2846e-03, -2.9331e-03]],                                                                                                                                                                                                      
                                                                                                                                                                                                                                 
[[-2.5272e-03,  3.6527e-02,  1.7901e-02,  ...,  1.1135e-02,                                                                                                                                                                        
-2.2884e-03, -2.9418e-03],                                                                                                                                                                                                       
[-6.8607e-02,  1.9765e-01,  1.6544e-01,  ...,  3.6815e-02,                                                                                                                                                                        
 4.9250e-02, -1.7402e-03],                                                                                                                                                                                                       
[ 1.0146e-01,  1.0406e-02,  6.0448e-01,  ..., -3.7020e-02,                                                                                                                                                                        
-1.1037e-01, -1.1018e-01],                                                                                                                                                                                                       
...,                                                                                                                                                                                                                              
[-1.6875e-01, -9.8480e-02, -6.0634e-01,  ...,  4.1635e-02,                                                                                                                                                                        
 4.2197e-02,  7.7572e-02],                                                                                                                                                                                                       
[-2.5275e-03,  3.6524e-02,  1.7864e-02,  ...,  1.1132e-02,                                                                                                                                                                        
-2.2845e-03, -2.9360e-03],                                                                                                                                                                                                       
[-2.5248e-03,  3.6522e-02,  1.7841e-02,  ...,  1.1133e-02,                                                                                                                                                                        
-2.2846e-03, -2.9331e-03]], 
[[-2.5272e-03,  3.6527e-02,  1.7901e-02,  ...,  1.1135e-02,
          -2.2884e-03, -2.9418e-03],
         [-6.8607e-02,  1.9765e-01,  1.6544e-01,  ...,  3.6815e-02,
           4.9250e-02, -1.7402e-03],
         [ 1.0146e-01,  1.0406e-02,  6.0448e-01,  ..., -3.7020e-02,
          -1.1037e-01, -1.1018e-01],
         ...,
         [-1.6875e-01, -9.8480e-02, -6.0634e-01,  ...,  4.1635e-02,
           4.2197e-02,  7.7572e-02],
         [-2.5275e-03,  3.6524e-02,  1.7864e-02,  ...,  1.1132e-02,
          -2.2845e-03, -2.9360e-03],
         [-2.5248e-03,  3.6522e-02,  1.7841e-02,  ...,  1.1133e-02,
          -2.2846e-03, -2.9331e-03]],

        ...,

        [[ 3.0308e-04,  3.8306e-02,  2.5054e-02,  ...,  6.1209e-03,
           4.0625e-03, -4.0226e-03],
         [ 2.4297e-01, -1.0471e-02,  9.0203e-02,  ..., -4.3656e-02,
          -1.4243e-01,  2.5435e-01],
         [ 1.8131e-01, -9.5611e-03,  3.1960e-01,  ...,  8.2019e-02,
          -2.1355e-01,  1.6428e-01],
         ...,
         [ 2.1887e-01, -1.3172e-01, -2.1343e-01,  ..., -1.0350e-01,
           1.9653e-01, -2.3992e-01],
         [ 1.0552e-01,  4.6459e-01, -5.4493e-01,  ...,  1.5862e-01,
           1.3168e-01, -1.5313e-01],
         [ 1.0868e-01,  3.1753e-01,  1.1656e-02,  ..., -2.2094e-02,
          -4.7279e-02,  5.2755e-03]],

        [[ 3.0308e-04,  3.8306e-02,  2.5054e-02,  ...,  6.1209e-03,
           4.0625e-03, -4.0226e-03],
         [ 2.4297e-01, -1.0471e-02,  9.0203e-02,  ..., -4.3656e-02,
          -1.4243e-01,  2.5435e-01],
         [ 1.8131e-01, -9.5611e-03,  3.1960e-01,  ...,  8.2019e-02,
          -2.1355e-01,  1.6428e-01],
         ...,
         [ 2.1887e-01, -1.3172e-01, -2.1343e-01,  ..., -1.0350e-01,
           1.9653e-01, -2.3992e-01],
         [ 1.0552e-01,  4.6459e-01, -5.4493e-01,  ...,  1.5862e-01,
           1.3168e-01, -1.5313e-01],
         [ 1.0868e-01,  3.1753e-01,  1.1656e-02,  ..., -2.2094e-02,
          -4.7279e-02,  5.2755e-03]],

        [[ 3.0308e-04,  3.8306e-02,  2.5054e-02,  ...,  6.1209e-03,
           4.0625e-03, -4.0226e-03],
         [ 2.4297e-01, -1.0471e-02,  9.0203e-02,  ..., -4.3656e-02,
          -1.4243e-01,  2.5435e-01],
         [ 1.8131e-01, -9.5611e-03,  3.1960e-01,  ...,  8.2019e-02,
          -2.1355e-01,  1.6428e-01],
         ...,
         [ 2.1887e-01, -1.3172e-01, -2.1343e-01,  ..., -1.0350e-01,
           1.9653e-01, -2.3992e-01],
         [ 1.0552e-01,  4.6459e-01, -5.4493e-01,  ...,  1.5862e-01,
           1.3168e-01, -1.5313e-01],
         [ 1.0868e-01,  3.1753e-01,  1.1656e-02,  ..., -2.2094e-02,
          -4.7279e-02,  5.2755e-03]]], device='cuda:0',
       grad_fn=<IndexSelectBackward>), encoder_hidden_states=None, encoder_attentions=None)