dev  cuda
torch  True
dev summ_model 2:  cuda:0
batch_size  3
num_beams  3
curlen  1
BSFT input path  tensor([[2],
        [2],
        [2],
        [2],
        [2],
        [2],
        [2],
        [2],
        [2]], device='cuda:0')
BSFT OUTPUT:  tensor([[[-7.2452,  1.5423,  0.9465,  ...,  1.9194,  2.3158,  2.2262]],

        [[-7.2452,  1.5423,  0.9465,  ...,  1.9194,  2.3158,  2.2262]],

        [[-7.2452,  1.5423,  0.9465,  ...,  1.9194,  2.3158,  2.2262]],

        ...,

        [[-7.3889,  1.2216,  0.7315,  ...,  2.1358,  1.9082,  2.1180]],

        [[-7.3889,  1.2216,  0.7315,  ...,  2.1358,  1.9082,  2.1180]],

        [[-7.3889,  1.2216,  0.7315,  ...,  2.1358,  1.9082,  2.1180]]],
       device='cuda:0')
BSFT beam_scores  tensor([-0.3073, -2.5362, -3.4131, -0.7010, -1.2210, -3.5103, -0.9804, -1.0695,
        -3.0436], device='cuda:0')
BSFT beam_idx:  tensor([0, 0, 0, 3, 3, 3, 6, 6, 6], device='cuda:0')
BSFT beam_next_tokens:  tensor([12815,  9089, 21169,   448, 12815, 24671,   133, 24270,   250],
       device='cuda:0')
curlen  2
BSFT input path  tensor([[    2, 12815],
        [    2,  9089],
        [    2, 21169],
        [    2,   448],
        [    2, 12815],
        [    2, 24671],
        [    2,   133],
        [    2, 24270],
        [    2,   250]], device='cuda:0')
BSFT OUTPUT:  tensor([[[ -3.3962,   1.0102,   1.1381,  ...,   0.5782,   0.7137,   0.7902]],

        [[ -1.7632,   0.5739,   1.7964,  ...,  -0.0466,   0.3764,   0.2655]],

        [[ -3.0300,   0.5017,   3.6659,  ...,   0.5446,   0.5617,   0.1759]],

        ...,

        [[ -2.8213,   0.7966,   1.7018,  ...,   0.9495,   1.0866,   0.7813]],

        [[ -3.3733,   0.3020,   3.6113,  ...,   0.0610,   0.0229,  -0.2216]],

        [[-11.0504,   0.8274,   0.6022,  ...,   0.9263,   1.1564,   1.4621]]],
       device='cuda:0')
BSFT beam_scores  tensor([-0.9456, -1.9232, -2.6361, -0.7282, -1.5940, -3.5192, -1.1312, -1.1415,
        -3.9450], device='cuda:0')
BSFT beam_idx:  tensor([0, 0, 1, 3, 4, 5, 7, 6, 6], device='cuda:0')
BSFT beam_next_tokens:  tensor([ 1156,  2275,    12, 40741,  1221, 21723,   468, 12070,  5893],
       device='cuda:0')
curlen  3
BSFT input path  tensor([[    2, 12815,  1156],
        [    2, 12815,  2275],
        [    2,  9089,    12],
        [    2,   448, 40741],
        [    2, 12815,  1221],
        [    2, 24671, 21723],
        [    2, 24270,   468],
        [    2,   133, 12070],
        [    2,   133,  5893]], device='cuda:0')
BSFT OUTPUT:  tensor([[[-1.8814,  0.9403,  2.0644,  ...,  0.4596,  0.8441,  0.5730]],

        [[-4.4603,  0.6232,  2.9560,  ...,  0.5878,  0.5808,  0.5382]],

        [[-0.2831,  1.9474,  3.5558,  ...,  1.6653,  1.7214,  1.9416]],

        ...,

        [[-0.2579,  0.6180,  3.2355,  ..., -0.4747,  0.5323,  0.1421]],

        [[-1.4583,  0.0953,  3.0836,  ...,  0.2578,  0.1554,  0.2344]],

        [[-0.9937,  0.1625,  3.6193,  ...,  0.3573,  0.2400,  0.4438]]],
       device='cuda:0')
BSFT beam_scores  tensor([-2.0158, -2.0452, -2.3834, -0.8102, -2.8178, -2.9197, -1.2192, -1.2584,
        -4.1335], device='cuda:0')
BSFT beam_idx:  tensor([1, 0, 0, 3, 4, 4, 6, 7, 8], device='cuda:0')
BSFT beam_next_tokens:  tensor([  815, 19931,     8,  3463,  8142,  4500, 10149,     9,     8],
       device='cuda:0')
curlen  4
BSFT input path  tensor([[    2, 12815,  2275,   815],
        [    2, 12815,  1156, 19931],
        [    2, 12815,  1156,     8],
        [    2,   448, 40741,  3463],
        [    2, 12815,  1221,  8142],
        [    2, 12815,  1221,  4500],
        [    2, 24270,   468, 10149],
        [    2,   133, 12070,     9],
        [    2,   133,  5893,     8]], device='cuda:0')
BSFT OUTPUT:  tensor([[[-1.7485,  0.9352,  2.5372,  ...,  0.6379,  0.8151,  0.8790]],

        [[-3.3739,  0.6862,  2.3515,  ...,  0.3203,  0.7983,  0.2024]],

        [[-9.1896,  1.0904,  1.2712,  ...,  0.7932,  0.8913,  0.6815]],

        ...,

        [[-5.6980,  0.2043,  2.4273,  ...,  0.1192,  0.2753,  0.4232]],

        [[ 0.2949,  0.8732,  2.7606,  ...,  0.3266,  0.0508, -0.1369]],

        [[-0.6534,  0.9943,  2.6059,  ...,  1.1590,  0.8744,  1.1310]]],
       device='cuda:0')
BSFT beam_scores  tensor([-2.2270, -2.2309, -3.9244, -1.6244, -2.9423, -3.3367, -1.3313, -1.6859,
        -2.8316], device='cuda:0')
BSFT beam_idx:  tensor([1, 0, 2, 3, 4, 3, 7, 6, 6], device='cuda:0')
BSFT beam_next_tokens:  tensor([ 1960, 19931,  2000,  8142,   397,    18,  6912,    34,    16],
       device='cuda:0')
curlen  5
BSFT input path  tensor([[    2, 12815,  1156, 19931,  1960],
        [    2, 12815,  2275,   815, 19931],
        [    2, 12815,  1156,     8,  2000],
        [    2,   448, 40741,  3463,  8142],
        [    2, 12815,  1221,  8142,   397],
        [    2,   448, 40741,  3463,    18],
        [    2,   133, 12070,     9,  6912],
        [    2, 24270,   468, 10149,    34],
        [    2, 24270,   468, 10149,    16]], device='cuda:0')
BSFT beam_scores  tensor([-2.2935, -2.3963, -4.4650, -1.7972, -3.0038, -4.3036, -1.6429, -2.5029,
        -3.2555], device='cuda:0')
BSFT beam_idx:  tensor([0, 1, 2, 3, 4, 5, 6, 7, 7], device='cuda:0')
BSFT beam_next_tokens:  tensor([33270,  1960, 19931,   397,  3086,   320,    34,  1027,   703],
       device='cuda:0')
curlen  6
BSFT input path  tensor([[    2, 12815,  1156, 19931,  1960, 33270],
        [    2, 12815,  2275,   815, 19931,  1960],
        [    2, 12815,  1156,     8,  2000, 19931],
        [    2,   448, 40741,  3463,  8142,   397],
        [    2, 12815,  1221,  8142,   397,  3086],
        [    2,   448, 40741,  3463,    18,   320],
        [    2,   133, 12070,     9,  6912,    34],
        [    2, 24270,   468, 10149,    34,  1027],
        [    2, 24270,   468, 10149,    34,   703]], device='cuda:0')
BSFT beam_scores  tensor([-2.3914, -2.4644, -4.6412, -1.8665, -3.0156, -5.1210, -2.4076, -3.7444,
        -3.7566], device='cuda:0')
BSFT beam_idx:  tensor([0, 1, 2, 3, 4, 5, 6, 7, 7], device='cuda:0')
BSFT beam_next_tokens:  tensor([ 2359, 33270,  1960,  3086, 21723,  1221,    57,    10,     5],
       device='cuda:0')
curlen  7
BSFT input path  tensor([[    2, 12815,  1156, 19931,  1960, 33270,  2359],
        [    2, 12815,  2275,   815, 19931,  1960, 33270],
        [    2, 12815,  1156,     8,  2000, 19931,  1960],
        [    2,   448, 40741,  3463,  8142,   397,  3086],
        [    2, 12815,  1221,  8142,   397,  3086, 21723],
        [    2,   448, 40741,  3463,    18,   320,  1221],
        [    2,   133, 12070,     9,  6912,    34,    57],
        [    2, 24270,   468, 10149,    34,  1027,    10],
        [    2, 24270,   468, 10149,    34,  1027,     5]], device='cuda:0')
BSFT beam_scores  tensor([-2.5621, -2.9527, -4.3405, -1.8782, -3.0554, -6.1864, -3.3677, -4.1522,
        -5.1124], device='cuda:0')
BSFT beam_idx:  tensor([1, 0, 0, 3, 4, 5, 6, 8, 6], device='cuda:0')
BSFT beam_next_tokens:  tensor([ 2359,    34,    16, 21723,   293,  8142, 16372,    78,  3520],
       device='cuda:0')
curlen  8
BSFT input path  tensor([[    2, 12815,  2275,   815, 19931,  1960, 33270,  2359],
        [    2, 12815,  1156, 19931,  1960, 33270,  2359,    34],
        [    2, 12815,  1156, 19931,  1960, 33270,  2359,    16],
        [    2,   448, 40741,  3463,  8142,   397,  3086, 21723],
        [    2, 12815,  1221,  8142,   397,  3086, 21723,   293],
        [    2,   448, 40741,  3463,    18,   320,  1221,  8142],
        [    2,   133, 12070,     9,  6912,    34,    57, 16372],
        [    2, 24270,   468, 10149,    34,  1027,     5,    78],
        [    2,   133, 12070,     9,  6912,    34,    57,  3520]],
       device='cuda:0')
BSFT beam_scores  tensor([-3.0931, -4.1097, -4.3484, -1.9186, -3.9056, -4.2902, -3.6654, -5.3854,
        -5.7137], device='cuda:0')
BSFT beam_idx:  tensor([0, 1, 1, 3, 4, 4, 6, 8, 7], device='cuda:0')
BSFT beam_next_tokens:  tensor([  34, 4407, 2296,  293,   40,   34,   13,   11, 3156], device='cuda:0')
curlen  9
BSFT input path  tensor([[    2, 12815,  2275,   815, 19931,  1960, 33270,  2359,    34],
        [    2, 12815,  1156, 19931,  1960, 33270,  2359,    34,  4407],
        [    2, 12815,  1156, 19931,  1960, 33270,  2359,    34,  2296],
        [    2,   448, 40741,  3463,  8142,   397,  3086, 21723,   293],
        [    2, 12815,  1221,  8142,   397,  3086, 21723,   293,    40],
        [    2, 12815,  1221,  8142,   397,  3086, 21723,   293,    34],
        [    2,   133, 12070,     9,  6912,    34,    57, 16372,    13],
        [    2,   133, 12070,     9,  6912,    34,    57,  3520,    11],
        [    2, 24270,   468, 10149,    34,  1027,     5,    78,  3156]],
       device='cuda:0')
BSFT beam_scores  tensor([-4.2112, -4.2379, -4.4728, -2.8197, -3.1254, -4.0461, -4.7430, -4.7586,
        -5.9281], device='cuda:0')
BSFT beam_idx:  tensor([1, 0, 0, 3, 3, 3, 6, 6, 6], device='cuda:0')
BSFT beam_next_tokens:  tensor([  45, 4407, 2296,   40,   34,   16, 1089,    5,   10], device='cuda:0')
curlen  10
BSFT input path  tensor([[    2, 12815,  1156, 19931,  1960, 33270,  2359,    34,  4407,    45],
        [    2, 12815,  2275,   815, 19931,  1960, 33270,  2359,    34,  4407],
        [    2, 12815,  2275,   815, 19931,  1960, 33270,  2359,    34,  2296],
        [    2,   448, 40741,  3463,  8142,   397,  3086, 21723,   293,    40],
        [    2,   448, 40741,  3463,  8142,   397,  3086, 21723,   293,    34],
        [    2,   448, 40741,  3463,  8142,   397,  3086, 21723,   293,    16],
        [    2,   133, 12070,     9,  6912,    34,    57, 16372,    13,  1089],
        [    2,   133, 12070,     9,  6912,    34,    57, 16372,    13,     5],
        [    2,   133, 12070,     9,  6912,    34,    57, 16372,    13,    10]],
       device='cuda:0')
BSFT beam_scores  tensor([-4.2765, -4.3397, -6.5153, -3.4612, -3.6280, -3.9610, -4.7968, -5.8143,
        -6.8904], device='cuda:0')
BSFT beam_idx:  tensor([0, 1, 2, 4, 3, 3, 6, 7, 8], device='cuda:0')
BSFT beam_next_tokens:  tensor([2181,   45,   10,   57, 2649,   28,  468,   78, 4511], device='cuda:0')
curlen  11
BSFT input path  tensor([[    2, 12815,  1156, 19931,  1960, 33270,  2359,    34,  4407,    45,
          2181],
        [    2, 12815,  2275,   815, 19931,  1960, 33270,  2359,    34,  4407,
            45],
        [    2, 12815,  2275,   815, 19931,  1960, 33270,  2359,    34,  2296,
            10],
        [    2,   448, 40741,  3463,  8142,   397,  3086, 21723,   293,    34,
            57],
        [    2,   448, 40741,  3463,  8142,   397,  3086, 21723,   293,    40,
          2649],
        [    2,   448, 40741,  3463,  8142,   397,  3086, 21723,   293,    40,
            28],
        [    2,   133, 12070,     9,  6912,    34,    57, 16372,    13,  1089,
           468],
        [    2,   133, 12070,     9,  6912,    34,    57, 16372,    13,     5,
            78],
        [    2,   133, 12070,     9,  6912,    34,    57, 16372,    13,    10,
          4511]], device='cuda:0')
BSFT beam_scores  tensor([-4.4084, -4.4148, -7.3559, -3.6149, -3.9399, -4.0762, -4.8808, -5.9382,
        -7.6963], device='cuda:0')
BSFT beam_idx:  tensor([1, 0, 2, 3, 4, 5, 6, 7, 8], device='cuda:0')
BSFT beam_next_tokens:  tensor([ 2181,     7,   984,  3447,     5,    66, 10149,    86,    13],
       device='cuda:0')
curlen  12
BSFT input path  tensor([[    2, 12815,  2275,   815, 19931,  1960, 33270,  2359,    34,  4407,
            45,  2181],
        [    2, 12815,  1156, 19931,  1960, 33270,  2359,    34,  4407,    45,
          2181,     7],
        [    2, 12815,  2275,   815, 19931,  1960, 33270,  2359,    34,  2296,
            10,   984],
        [    2,   448, 40741,  3463,  8142,   397,  3086, 21723,   293,    34,
            57,  3447],
        [    2,   448, 40741,  3463,  8142,   397,  3086, 21723,   293,    40,
          2649,     5],
        [    2,   448, 40741,  3463,  8142,   397,  3086, 21723,   293,    40,
            28,    66],
        [    2,   133, 12070,     9,  6912,    34,    57, 16372,    13,  1089,
           468, 10149],
        [    2,   133, 12070,     9,  6912,    34,    57, 16372,    13,     5,
            78,    86],
        [    2,   133, 12070,     9,  6912,    34,    57, 16372,    13,    10,
          4511,    13]], device='cuda:0')
BSFT beam_scores  tensor([-4.5429, -6.2263, -6.2739, -3.7250, -4.3016, -4.3584, -6.1245, -6.6057,
        -6.7102], device='cuda:0')
BSFT beam_idx:  tensor([0, 1, 1, 3, 4, 5, 6, 7, 6], device='cuda:0')
BSFT beam_next_tokens:  tensor([   7, 3526,   10,   66, 1079,   13,    4,   13,   18], device='cuda:0')
curlen  13
BSFT input path  tensor([[    2, 12815,  2275,   815, 19931,  1960, 33270,  2359,    34,  4407,
            45,  2181,     7],
        [    2, 12815,  1156, 19931,  1960, 33270,  2359,    34,  4407,    45,
          2181,     7,  3526],
        [    2, 12815,  1156, 19931,  1960, 33270,  2359,    34,  4407,    45,
          2181,     7,    10],
        [    2,   448, 40741,  3463,  8142,   397,  3086, 21723,   293,    34,
            57,  3447,    66],
        [    2,   448, 40741,  3463,  8142,   397,  3086, 21723,   293,    40,
          2649,     5,  1079],
        [    2,   448, 40741,  3463,  8142,   397,  3086, 21723,   293,    40,
            28,    66,    13],
        [    2,   133, 12070,     9,  6912,    34,    57, 16372,    13,  1089,
           468, 10149,     4],
        [    2,   133, 12070,     9,  6912,    34,    57, 16372,    13,     5,
            78,    86,    13],
        [    2,   133, 12070,     9,  6912,    34,    57, 16372,    13,  1089,
           468, 10149,    18]], device='cuda:0')
BSFT beam_scores  tensor([-6.2122, -6.4072, -7.3886, -3.9786, -4.4061, -5.8178, -7.1796, -7.5054,
        -8.6247], device='cuda:0')
BSFT beam_idx:  tensor([0, 0, 2, 3, 4, 5, 7, 8, 7], device='cuda:0')
BSFT beam_next_tokens:  tensor([3526,   10,  984,   13,    9,   62, 1089,  727,    5], device='cuda:0')
curlen  14
BSFT input path  tensor([[    2, 12815,  2275,   815, 19931,  1960, 33270,  2359,    34,  4407,
            45,  2181,     7,  3526],
        [    2, 12815,  2275,   815, 19931,  1960, 33270,  2359,    34,  4407,
            45,  2181,     7,    10],
        [    2, 12815,  1156, 19931,  1960, 33270,  2359,    34,  4407,    45,
          2181,     7,    10,   984],
        [    2,   448, 40741,  3463,  8142,   397,  3086, 21723,   293,    34,
            57,  3447,    66,    13],
        [    2,   448, 40741,  3463,  8142,   397,  3086, 21723,   293,    40,
          2649,     5,  1079,     9],
        [    2,   448, 40741,  3463,  8142,   397,  3086, 21723,   293,    40,
            28,    66,    13,    62],
        [    2,   133, 12070,     9,  6912,    34,    57, 16372,    13,     5,
            78,    86,    13,  1089],
        [    2,   133, 12070,     9,  6912,    34,    57, 16372,    13,  1089,
           468, 10149,    18,   727],
        [    2,   133, 12070,     9,  6912,    34,    57, 16372,    13,     5,
            78,    86,    13,     5]], device='cuda:0')
BSFT beam_scores  tensor([-7.4430, -7.6265, -7.7226, -4.5201, -4.8080, -5.9147, -7.2332, -7.5709,
        -9.9428], device='cuda:0')
BSFT beam_idx:  tensor([1, 0, 0, 4, 3, 5, 6, 7, 8], device='cuda:0')
BSFT beam_next_tokens:  tensor([ 984,    8, 1103,    5,    5,    7,  468,  212, 1089], device='cuda:0')
curlen  15
BSFT input path  tensor([[    2, 12815,  2275,   815, 19931,  1960, 33270,  2359,    34,  4407,
            45,  2181,     7,    10,   984],
        [    2, 12815,  2275,   815, 19931,  1960, 33270,  2359,    34,  4407,
            45,  2181,     7,  3526,     8],
        [    2, 12815,  2275,   815, 19931,  1960, 33270,  2359,    34,  4407,
            45,  2181,     7,  3526,  1103],
        [    2,   448, 40741,  3463,  8142,   397,  3086, 21723,   293,    40,
          2649,     5,  1079,     9,     5],
        [    2,   448, 40741,  3463,  8142,   397,  3086, 21723,   293,    34,
            57,  3447,    66,    13,     5],
        [    2,   448, 40741,  3463,  8142,   397,  3086, 21723,   293,    40,
            28,    66,    13,    62,     7],
        [    2,   133, 12070,     9,  6912,    34,    57, 16372,    13,     5,
            78,    86,    13,  1089,   468],
        [    2,   133, 12070,     9,  6912,    34,    57, 16372,    13,  1089,
           468, 10149,    18,   727,   212],
        [    2,   133, 12070,     9,  6912,    34,    57, 16372,    13,     5,
            78,    86,    13,     5,  1089]], device='cuda:0')
BSFT beam_scores  tensor([-8.2274, -8.4020, -9.6715, -4.7554, -4.9317, -7.3373, -7.3173, -8.4754,
        -9.1294], device='cuda:0')
BSFT beam_idx:  tensor([1, 2, 0, 3, 4, 5, 6, 7, 7], device='cuda:0')
BSFT beam_next_tokens:  tensor([  418,     4,   134,   191,  1079,   411, 10149,  4038,   696],
       device='cuda:0')
curlen  16
BSFT input path  tensor([[    2, 12815,  2275,   815, 19931,  1960, 33270,  2359,    34,  4407,
            45,  2181,     7,  3526,     8,   418],
        [    2, 12815,  2275,   815, 19931,  1960, 33270,  2359,    34,  4407,
            45,  2181,     7,  3526,  1103,     4],
        [    2, 12815,  2275,   815, 19931,  1960, 33270,  2359,    34,  4407,
            45,  2181,     7,    10,   984,   134],
        [    2,   448, 40741,  3463,  8142,   397,  3086, 21723,   293,    40,
          2649,     5,  1079,     9,     5,   191],
        [    2,   448, 40741,  3463,  8142,   397,  3086, 21723,   293,    34,
            57,  3447,    66,    13,     5,  1079],
        [    2,   448, 40741,  3463,  8142,   397,  3086, 21723,   293,    40,
            28,    66,    13,    62,     7,   411],
        [    2,   133, 12070,     9,  6912,    34,    57, 16372,    13,     5,
            78,    86,    13,  1089,   468, 10149],
        [    2,   133, 12070,     9,  6912,    34,    57, 16372,    13,  1089,
           468, 10149,    18,   727,   212,  4038],
        [    2,   133, 12070,     9,  6912,    34,    57, 16372,    13,  1089,
           468, 10149,    18,   727,   212,   696]], device='cuda:0')
BSFT beam_scores  tensor([ -8.6115,  -9.7843, -10.1402,  -5.0402,  -5.6091,  -5.7086,  -7.8668,
         -9.3440,  -9.3801], device='cuda:0')
BSFT beam_idx:  tensor([0, 0, 2, 4, 3, 3, 6, 7, 6], device='cuda:0')
BSFT beam_next_tokens:  tensor([12503,    12,   119,     9,    71,    19,     4,   696,    18],
       device='cuda:0')
LAST:  tensor([[    2, 12815,  2275,   815, 19931,  1960, 33270,  2359,    34,  4407,
            45,  2181,     7,  3526,     8,   418, 12503],
        [    2, 12815,  2275,   815, 19931,  1960, 33270,  2359,    34,  4407,
            45,  2181,     7,  3526,     8,   418,    12],
        [    2, 12815,  2275,   815, 19931,  1960, 33270,  2359,    34,  4407,
            45,  2181,     7,    10,   984,   134,   119],
        [    2,   448, 40741,  3463,  8142,   397,  3086, 21723,   293,    34,
            57,  3447,    66,    13,     5,  1079,     9],
        [    2,   448, 40741,  3463,  8142,   397,  3086, 21723,   293,    40,
          2649,     5,  1079,     9,     5,   191,    71],
        [    2,   448, 40741,  3463,  8142,   397,  3086, 21723,   293,    40,
          2649,     5,  1079,     9,     5,   191,    19],
        [    2,   133, 12070,     9,  6912,    34,    57, 16372,    13,     5,
            78,    86,    13,  1089,   468, 10149,     4],
        [    2,   133, 12070,     9,  6912,    34,    57, 16372,    13,  1089,
           468, 10149,    18,   727,   212,  4038,   696],
        [    2,   133, 12070,     9,  6912,    34,    57, 16372,    13,     5,
            78,    86,    13,  1089,   468, 10149,    18]], device='cuda:0')
========
SEQ OUT 1 BSFT ori_seqs:
---
Former Premier League footballer Sam Sodje has pleaded not guilty to fraud charges.
Former Premier League footballer Sam Sodje has pleaded not guilty to fraud and money laundering
Former Premier League footballer Sam Sodje has pleaded not guilty to fraud and money-
---
Middlesex batsman Adam Voges has been ruled out for the rest of
Middlesex batsman Adam Voges will miss the rest of the season after
Middlesex batsman Adam Voges will miss the rest of the season with
---
The Duchess of Cambridge has been photographed for British Vogue.
The Duchess of Cambridge has been photographed for the first time for British Vogue.
The Duchess of Cambridge has been photographed for British Vogue's 100th anniversary issue
---
========
0 . Rouge:  {'rouge-1': {'r': 0.37791537667698655, 'p': 0.544017094017094, 'f': 0.44530465467948516}, 'rouge-2': {'r': 0.2638888888888889, 'p': 0.4057239057239057, 'f': 0.3184893220269758}, 'rouge-l': {'r': 0.37791537667698655, 'p': 0.544017094017094, 'f': 0.44530465467948516}}
1 . Rouge:  {'rouge-1': {'r': 0.41768145854833155, 'p': 0.539083139083139, 'f': 0.4666666618001991}, 'rouge-2': {'r': 0.2824074074074074, 'p': 0.3666333666333666, 'f': 0.3172413744326948}, 'rouge-l': {'r': 0.41768145854833155, 'p': 0.539083139083139, 'f': 0.4666666618001991}}
2 . Rouge:  {'rouge-1': {'r': 0.35569315445476435, 'p': 0.4701964701964702, 'f': 0.402201736054049}, 'rouge-2': {'r': 0.26157407407407407, 'p': 0.3583916083916084, 'f': 0.301313624048792}, 'rouge-l': {'r': 0.35569315445476435, 'p': 0.4701964701964702, 'f': 0.402201736054049}}
dev summ_model 2:  cuda:0
params[batch_size]:  3
all params:  {'input_ids': tensor([[2],
        [2],
        [2],
        [2],
        [2],
        [2],
        [2],
        [2],
        [2]], device='cuda:0'), 'beam_scorer': <transformers.generation_beam_search.FactBeamSearchScorer object at 0x7ff55de3d090>, 'logits_processor': [<transformers.generation_logits_process.NoRepeatNGramLogitsProcessor object at 0x7ff55e1ed410>, <transformers.generation_logits_process.MinLengthLogitsProcessor object at 0x7ff55e325d90>, <transformers.generation_logits_process.ForcedEOSTokenLogitsProcessor object at 0x7ff4fc2f8cd0>], 'stopping_criteria': [<transformers.generation_stopping_criteria.MaxLengthCriteria object at 0x7ff49f45fa50>], 'pad_token_id': 1, 'eos_token_id': 2, 'output_scores': False, 'return_dict_in_generate': False, 'synced_gpus': False, 'output_attentions': False, 'output_hidden_states': False, 'batch_size': 3, 'num_beams': 3, 'cur_len': 1, 'scores': None, 'beam_indices': None, 'decoder_attentions': None, 'cross_attentions': None, 'decoder_hidden_states': None, 'beam_scores': tensor([ 0.0000e+00, -1.0000e+09, -1.0000e+09,  0.0000e+00, -1.0000e+09,
        -1.0000e+09,  0.0000e+00, -1.0000e+09, -1.0000e+09], device='cuda:0'), 'this_peer_finished': False}
curlen  1
EXPFT input path  tensor([[2],
        [2],
        [2],
        [2],
        [2],
        [2],
        [2],
        [2],
        [2]], device='cuda:0')
EXPFT model_inputs:  None   BaseModelOutput(last_hidden_state=tensor([[[-2.5272e-03,  3.6527e-02,  1.7901e-02,  ...,  1.1135e-02,
          -2.2884e-03, -2.9418e-03],
         [-6.8607e-02,  1.9765e-01,  1.6544e-01,  ...,  3.6815e-02,
           4.9250e-02, -1.7402e-03],
         [ 1.0146e-01,  1.0406e-02,  6.0448e-01,  ..., -3.7020e-02,
          -1.1037e-01, -1.1018e-01],
         ...,
         [-1.6875e-01, -9.8480e-02, -6.0634e-01,  ...,  4.1635e-02,
           4.2197e-02,  7.7572e-02],
         [-2.5275e-03,  3.6524e-02,  1.7864e-02,  ...,  1.1132e-02,
          -2.2845e-03, -2.9360e-03],
         [-2.5248e-03,  3.6522e-02,  1.7841e-02,  ...,  1.1133e-02,
          -2.2846e-03, -2.9331e-03]],

        [[-2.5272e-03,  3.6527e-02,  1.7901e-02,  ...,  1.1135e-02,
          -2.2884e-03, -2.9418e-03],
         [-6.8607e-02,  1.9765e-01,  1.6544e-01,  ...,  3.6815e-02,
           4.9250e-02, -1.7402e-03],
         [ 1.0146e-01,  1.0406e-02,  6.0448e-01,  ..., -3.7020e-02,
          -1.1037e-01, -1.1018e-01],
         ...,
         [-1.6875e-01, -9.8480e-02, -6.0634e-01,  ...,  4.1635e-02,
           4.2197e-02,  7.7572e-02],
         [-2.5275e-03,  3.6524e-02,  1.7864e-02,  ...,  1.1132e-02,
          -2.2845e-03, -2.9360e-03],
         [-2.5248e-03,  3.6522e-02,  1.7841e-02,  ...,  1.1133e-02,
          -2.2846e-03, -2.9331e-03]],

        [[-2.5272e-03,  3.6527e-02,  1.7901e-02,  ...,  1.1135e-02,
          -2.2884e-03, -2.9418e-03],
         [-6.8607e-02,  1.9765e-01,  1.6544e-01,  ...,  3.6815e-02,
           4.9250e-02, -1.7402e-03],
         [ 1.0146e-01,  1.0406e-02,  6.0448e-01,  ..., -3.7020e-02,
          -1.1037e-01, -1.1018e-01],
         ...,
         [-1.6875e-01, -9.8480e-02, -6.0634e-01,  ...,  4.1635e-02,
           4.2197e-02,  7.7572e-02],
         [-2.5275e-03,  3.6524e-02,  1.7864e-02,  ...,  1.1132e-02,
          -2.2845e-03, -2.9360e-03],
         [-2.5248e-03,  3.6522e-02,  1.7841e-02,  ...,  1.1133e-02,
          -2.2846e-03, -2.9331e-03]],

        ...,

        [[ 3.0308e-04,  3.8306e-02,  2.5054e-02,  ...,  6.1209e-03,
           4.0625e-03, -4.0226e-03],
         [ 2.4297e-01, -1.0471e-02,  9.0203e-02,  ..., -4.3656e-02,
          -1.4243e-01,  2.5435e-01],
         [ 1.8131e-01, -9.5611e-03,  3.1960e-01,  ...,  8.2019e-02,
          -2.1355e-01,  1.6428e-01],
         ...,
         [ 2.1887e-01, -1.3172e-01, -2.1343e-01,  ..., -1.0350e-01,
           1.9653e-01, -2.3992e-01],
         [ 1.0552e-01,  4.6459e-01, -5.4493e-01,  ...,  1.5862e-01,
           1.3168e-01, -1.5313e-01],
         [ 1.0868e-01,  3.1753e-01,  1.1656e-02,  ..., -2.2094e-02,
          -4.7279e-02,  5.2755e-03]],

        [[ 3.0308e-04,  3.8306e-02,  2.5054e-02,  ...,  6.1209e-03,
           4.0625e-03, -4.0226e-03],
         [ 2.4297e-01, -1.0471e-02,  9.0203e-02,  ..., -4.3656e-02,
          -1.4243e-01,  2.5435e-01],
         [ 1.8131e-01, -9.5611e-03,  3.1960e-01,  ...,  8.2019e-02,
          -2.1355e-01,  1.6428e-01],
         ...,
         [ 2.1887e-01, -1.3172e-01, -2.1343e-01,  ..., -1.0350e-01,
           1.9653e-01, -2.3992e-01],
         [ 1.0552e-01,  4.6459e-01, -5.4493e-01,  ...,  1.5862e-01,
           1.3168e-01, -1.5313e-01],
         [ 1.0868e-01,  3.1753e-01,  1.1656e-02,  ..., -2.2094e-02,
          -4.7279e-02,  5.2755e-03]],

        [[ 3.0308e-04,  3.8306e-02,  2.5054e-02,  ...,  6.1209e-03,
           4.0625e-03, -4.0226e-03],
         [ 2.4297e-01, -1.0471e-02,  9.0203e-02,  ..., -4.3656e-02,
          -1.4243e-01,  2.5435e-01],
         [ 1.8131e-01, -9.5611e-03,  3.1960e-01,  ...,  8.2019e-02,
          -2.1355e-01,  1.6428e-01],
         ...,
         [ 2.1887e-01, -1.3172e-01, -2.1343e-01,  ..., -1.0350e-01,
           1.9653e-01, -2.3992e-01],
         [ 1.0552e-01,  4.6459e-01, -5.4493e-01,  ...,  1.5862e-01,
           1.3168e-01, -1.5313e-01],
         [ 1.0868e-01,  3.1753e-01,  1.1656e-02,  ..., -2.2094e-02,
          -4.7279e-02,  5.2755e-03]]], device='cuda:0'), hidden_states=None, attentions=None)   tensor([[1, 1, 1,  ..., 0, 0, 0],
        [1, 1, 1,  ..., 0, 0, 0],
        [1, 1, 1,  ..., 0, 0, 0],
        ...,
        [1, 1, 1,  ..., 1, 1, 1],
        [1, 1, 1,  ..., 1, 1, 1],
        [1, 1, 1,  ..., 1, 1, 1]], device='cuda:0')   None   None   None   None  
EXPFT OUTPUT:  tensor([[[-7.2452,  1.5423,  0.9465,  ...,  1.9194,  2.3158,  2.2262]],

        [[-7.2452,  1.5423,  0.9465,  ...,  1.9194,  2.3158,  2.2262]],

        [[-7.2452,  1.5423,  0.9465,  ...,  1.9194,  2.3158,  2.2262]],

        ...,

        [[-7.3889,  1.2216,  0.7315,  ...,  2.1358,  1.9082,  2.1180]],

        [[-7.3889,  1.2216,  0.7315,  ...,  2.1358,  1.9082,  2.1180]],

        [[-7.3889,  1.2216,  0.7315,  ...,  2.1358,  1.9082,  2.1180]]],
       device='cuda:0')
EXPFT beam_scores  tensor([-0.3073, -2.5362, -3.4131, -0.7010, -1.2210, -3.5103, -0.9804, -1.0695,
        -3.0436], device='cuda:0')
EXPFT beam_idx:  tensor([0, 0, 0, 3, 3, 3, 6, 6, 6], device='cuda:0')
EXPFT beam_next_tokens:  tensor([12815,  9089, 21169,   448, 12815, 24671,   133, 24270,   250],
       device='cuda:0')
***
new_all_paths  [(-0.3072853088378906, tensor([    2, 12815], device='cuda:0')), (-2.5361804962158203, tensor([   2, 9089], device='cuda:0')), (-3.41314697265625, tensor([    2, 21169], device='cuda:0')), (-0.7009744644165039, tensor([  2, 448], device='cuda:0')), (-1.2209596633911133, tensor([    2, 12815], device='cuda:0')), (-3.510305404663086, tensor([    2, 24671], device='cuda:0')), (-0.9803991317749023, tensor([  2, 133], device='cuda:0')), (-1.069535255432129, tensor([    2, 24270], device='cuda:0')), (-3.04360294342041, tensor([  2, 250], device='cuda:0'))]
total_summ_paths  [(-0.3072853088378906, tensor([    2, 12815], device='cuda:0')), (-2.5361804962158203, tensor([   2, 9089], device='cuda:0')), (-3.41314697265625, tensor([    2, 21169], device='cuda:0')), (-0.7009744644165039, tensor([  2, 448], device='cuda:0')), (-1.2209596633911133, tensor([    2, 12815], device='cuda:0')), (-3.510305404663086, tensor([    2, 24671], device='cuda:0')), (-0.9803991317749023, tensor([  2, 133], device='cuda:0')), (-1.069535255432129, tensor([    2, 24270], device='cuda:0')), (-3.04360294342041, tensor([  2, 250], device='cuda:0'))]
***
curlen  2
EXPFT input path  tensor([[    2, 12815],
        [    2,  9089],
        [    2, 21169],
        [    2,   448],
        [    2, 12815],
        [    2, 24671],
        [    2,   133],
        [    2, 24270],
        [    2,   250]], device='cuda:0')
EXPFT model_inputs:  None   BaseModelOutput(last_hidden_state=tensor([[[-2.5272e-03,  3.6527e-02,  1.7901e-02,  ...,  1.1135e-02,
          -2.2884e-03, -2.9418e-03],
         [-6.8607e-02,  1.9765e-01,  1.6544e-01,  ...,  3.6815e-02,
           4.9250e-02, -1.7402e-03],
         [ 1.0146e-01,  1.0406e-02,  6.0448e-01,  ..., -3.7020e-02,
          -1.1037e-01, -1.1018e-01],
         ...,
         [-1.6875e-01, -9.8480e-02, -6.0634e-01,  ...,  4.1635e-02,
           4.2197e-02,  7.7572e-02],
         [-2.5275e-03,  3.6524e-02,  1.7864e-02,  ...,  1.1132e-02,
          -2.2845e-03, -2.9360e-03],
         [-2.5248e-03,  3.6522e-02,  1.7841e-02,  ...,  1.1133e-02,
          -2.2846e-03, -2.9331e-03]],

        [[-2.5272e-03,  3.6527e-02,  1.7901e-02,  ...,  1.1135e-02,
          -2.2884e-03, -2.9418e-03],
         [-6.8607e-02,  1.9765e-01,  1.6544e-01,  ...,  3.6815e-02,
           4.9250e-02, -1.7402e-03],
         [ 1.0146e-01,  1.0406e-02,  6.0448e-01,  ..., -3.7020e-02,
          -1.1037e-01, -1.1018e-01],
         ...,
         [-1.6875e-01, -9.8480e-02, -6.0634e-01,  ...,  4.1635e-02,
           4.2197e-02,  7.7572e-02],
         [-2.5275e-03,  3.6524e-02,  1.7864e-02,  ...,  1.1132e-02,
          -2.2845e-03, -2.9360e-03],
         [-2.5248e-03,  3.6522e-02,  1.7841e-02,  ...,  1.1133e-02,
          -2.2846e-03, -2.9331e-03]],

        [[-2.5272e-03,  3.6527e-02,  1.7901e-02,  ...,  1.1135e-02,
          -2.2884e-03, -2.9418e-03],
         [-6.8607e-02,  1.9765e-01,  1.6544e-01,  ...,  3.6815e-02,
           4.9250e-02, -1.7402e-03],
         [ 1.0146e-01,  1.0406e-02,  6.0448e-01,  ..., -3.7020e-02,
          -1.1037e-01, -1.1018e-01],
         ...,
         [-1.6875e-01, -9.8480e-02, -6.0634e-01,  ...,  4.1635e-02,
           4.2197e-02,  7.7572e-02],
         [-2.5275e-03,  3.6524e-02,  1.7864e-02,  ...,  1.1132e-02,
          -2.2845e-03, -2.9360e-03],
         [-2.5248e-03,  3.6522e-02,  1.7841e-02,  ...,  1.1133e-02,
          -2.2846e-03, -2.9331e-03]],

        ...,

        [[ 3.0308e-04,  3.8306e-02,  2.5054e-02,  ...,  6.1209e-03,
           4.0625e-03, -4.0226e-03],
         [ 2.4297e-01, -1.0471e-02,  9.0203e-02,  ..., -4.3656e-02,
          -1.4243e-01,  2.5435e-01],
         [ 1.8131e-01, -9.5611e-03,  3.1960e-01,  ...,  8.2019e-02,
          -2.1355e-01,  1.6428e-01],
         ...,
         [ 2.1887e-01, -1.3172e-01, -2.1343e-01,  ..., -1.0350e-01,
           1.9653e-01, -2.3992e-01],
         [ 1.0552e-01,  4.6459e-01, -5.4493e-01,  ...,  1.5862e-01,
           1.3168e-01, -1.5313e-01],
         [ 1.0868e-01,  3.1753e-01,  1.1656e-02,  ..., -2.2094e-02,
          -4.7279e-02,  5.2755e-03]],

        [[ 3.0308e-04,  3.8306e-02,  2.5054e-02,  ...,  6.1209e-03,
           4.0625e-03, -4.0226e-03],
         [ 2.4297e-01, -1.0471e-02,  9.0203e-02,  ..., -4.3656e-02,
          -1.4243e-01,  2.5435e-01],
         [ 1.8131e-01, -9.5611e-03,  3.1960e-01,  ...,  8.2019e-02,
          -2.1355e-01,  1.6428e-01],
         ...,
         [ 2.1887e-01, -1.3172e-01, -2.1343e-01,  ..., -1.0350e-01,
           1.9653e-01, -2.3992e-01],
         [ 1.0552e-01,  4.6459e-01, -5.4493e-01,  ...,  1.5862e-01,
           1.3168e-01, -1.5313e-01],
         [ 1.0868e-01,  3.1753e-01,  1.1656e-02,  ..., -2.2094e-02,
          -4.7279e-02,  5.2755e-03]],

        [[ 3.0308e-04,  3.8306e-02,  2.5054e-02,  ...,  6.1209e-03,
           4.0625e-03, -4.0226e-03],
         [ 2.4297e-01, -1.0471e-02,  9.0203e-02,  ..., -4.3656e-02,
          -1.4243e-01,  2.5435e-01],
         [ 1.8131e-01, -9.5611e-03,  3.1960e-01,  ...,  8.2019e-02,
          -2.1355e-01,  1.6428e-01],
         ...,
         [ 2.1887e-01, -1.3172e-01, -2.1343e-01,  ..., -1.0350e-01,
           1.9653e-01, -2.3992e-01],
         [ 1.0552e-01,  4.6459e-01, -5.4493e-01,  ...,  1.5862e-01,
           1.3168e-01, -1.5313e-01],
         [ 1.0868e-01,  3.1753e-01,  1.1656e-02,  ..., -2.2094e-02,
          -4.7279e-02,  5.2755e-03]]], device='cuda:0'), hidden_states=None, attentions=None)   tensor([[1, 1, 1,  ..., 0, 0, 0],
        [1, 1, 1,  ..., 0, 0, 0],
        [1, 1, 1,  ..., 0, 0, 0],
        ...,
        [1, 1, 1,  ..., 1, 1, 1],
        [1, 1, 1,  ..., 1, 1, 1],
        [1, 1, 1,  ..., 1, 1, 1]], device='cuda:0')   None   None   None   None  
EXPFT OUTPUT:  tensor([[[ -3.3962,   1.0102,   1.1381,  ...,   0.5782,   0.7137,   0.7902]],

        [[ -1.7632,   0.5739,   1.7964,  ...,  -0.0466,   0.3764,   0.2655]],

        [[ -3.0300,   0.5017,   3.6659,  ...,   0.5446,   0.5617,   0.1759]],

        ...,

        [[ -2.8213,   0.7966,   1.7018,  ...,   0.9495,   1.0866,   0.7813]],

        [[ -3.3733,   0.3020,   3.6113,  ...,   0.0610,   0.0229,  -0.2216]],

        [[-11.0504,   0.8274,   0.6022,  ...,   0.9263,   1.1564,   1.4621]]],
       device='cuda:0')
EXPFT beam_scores  tensor([-0.9456, -1.9232, -2.6361, -0.7282, -1.5940, -3.5192, -1.1312, -1.1415,
        -3.9450], device='cuda:0')
EXPFT beam_idx:  tensor([0, 0, 1, 3, 4, 5, 7, 6, 6], device='cuda:0')
EXPFT beam_next_tokens:  tensor([ 1156,  2275,    12, 40741,  1221, 21723,   468, 12070,  5893],
       device='cuda:0')
***
new_all_paths  [(-1.2528371810913086, tensor([    2, 12815,  1156], device='cuda:0')), (-4.45933723449707, tensor([   2, 9089, 2275], device='cuda:0')), (-6.049284934997559, tensor([    2, 21169,    12], device='cuda:0')), (-1.429183006286621, tensor([    2,   448, 40741], device='cuda:0')), (-2.8149642944335938, tensor([    2, 12815,  1221], device='cuda:0')), (-7.029474258422852, tensor([    2, 24671, 21723], device='cuda:0')), (-2.1115732192993164, tensor([  2, 133, 468], device='cuda:0')), (-2.2110595703125, tensor([    2, 24270, 12070], device='cuda:0')), (-6.988567352294922, tensor([   2,  250, 5893], device='cuda:0'))]
total_summ_paths  [(-1.2528371810913086, tensor([    2, 12815,  1156], device='cuda:0')), (-4.45933723449707, tensor([   2, 9089, 2275], device='cuda:0')), (-6.049284934997559, tensor([    2, 21169,    12], device='cuda:0')), (-1.429183006286621, tensor([    2,   448, 40741], device='cuda:0')), (-2.8149642944335938, tensor([    2, 12815,  1221], device='cuda:0')), (-7.029474258422852, tensor([    2, 24671, 21723], device='cuda:0')), (-2.1115732192993164, tensor([  2, 133, 468], device='cuda:0')), (-2.2110595703125, tensor([    2, 24270, 12070], device='cuda:0')), (-6.988567352294922, tensor([   2,  250, 5893], device='cuda:0'))]
***
curlen  3
EXPFT input path  tensor([[    2, 12815,  1156],
        [    2,  9089,  2275],
        [    2, 21169,    12],
        [    2,   448, 40741],
        [    2, 12815,  1221],
        [    2, 24671, 21723],
        [    2,   133,   468],
        [    2, 24270, 12070],
        [    2,   250,  5893]], device='cuda:0')
EXPFT model_inputs:  None   BaseModelOutput(last_hidden_state=tensor([[[-2.5272e-03,  3.6527e-02,  1.7901e-02,  ...,  1.1135e-02,
          -2.2884e-03, -2.9418e-03],
         [-6.8607e-02,  1.9765e-01,  1.6544e-01,  ...,  3.6815e-02,
           4.9250e-02, -1.7402e-03],
         [ 1.0146e-01,  1.0406e-02,  6.0448e-01,  ..., -3.7020e-02,
          -1.1037e-01, -1.1018e-01],
         ...,
         [-1.6875e-01, -9.8480e-02, -6.0634e-01,  ...,  4.1635e-02,
           4.2197e-02,  7.7572e-02],
         [-2.5275e-03,  3.6524e-02,  1.7864e-02,  ...,  1.1132e-02,
          -2.2845e-03, -2.9360e-03],
         [-2.5248e-03,  3.6522e-02,  1.7841e-02,  ...,  1.1133e-02,
          -2.2846e-03, -2.9331e-03]],

        [[-2.5272e-03,  3.6527e-02,  1.7901e-02,  ...,  1.1135e-02,
          -2.2884e-03, -2.9418e-03],
         [-6.8607e-02,  1.9765e-01,  1.6544e-01,  ...,  3.6815e-02,
           4.9250e-02, -1.7402e-03],
         [ 1.0146e-01,  1.0406e-02,  6.0448e-01,  ..., -3.7020e-02,
          -1.1037e-01, -1.1018e-01],
         ...,
         [-1.6875e-01, -9.8480e-02, -6.0634e-01,  ...,  4.1635e-02,
           4.2197e-02,  7.7572e-02],
         [-2.5275e-03,  3.6524e-02,  1.7864e-02,  ...,  1.1132e-02,
          -2.2845e-03, -2.9360e-03],
         [-2.5248e-03,  3.6522e-02,  1.7841e-02,  ...,  1.1133e-02,
          -2.2846e-03, -2.9331e-03]],

        [[-2.5272e-03,  3.6527e-02,  1.7901e-02,  ...,  1.1135e-02,
          -2.2884e-03, -2.9418e-03],
         [-6.8607e-02,  1.9765e-01,  1.6544e-01,  ...,  3.6815e-02,
           4.9250e-02, -1.7402e-03],
         [ 1.0146e-01,  1.0406e-02,  6.0448e-01,  ..., -3.7020e-02,
          -1.1037e-01, -1.1018e-01],
         ...,
         [-1.6875e-01, -9.8480e-02, -6.0634e-01,  ...,  4.1635e-02,
           4.2197e-02,  7.7572e-02],
         [-2.5275e-03,  3.6524e-02,  1.7864e-02,  ...,  1.1132e-02,
          -2.2845e-03, -2.9360e-03],
         [-2.5248e-03,  3.6522e-02,  1.7841e-02,  ...,  1.1133e-02,
          -2.2846e-03, -2.9331e-03]],

        ...,

        [[ 3.0308e-04,  3.8306e-02,  2.5054e-02,  ...,  6.1209e-03,
           4.0625e-03, -4.0226e-03],
         [ 2.4297e-01, -1.0471e-02,  9.0203e-02,  ..., -4.3656e-02,
          -1.4243e-01,  2.5435e-01],
         [ 1.8131e-01, -9.5611e-03,  3.1960e-01,  ...,  8.2019e-02,
          -2.1355e-01,  1.6428e-01],
         ...,
         [ 2.1887e-01, -1.3172e-01, -2.1343e-01,  ..., -1.0350e-01,
           1.9653e-01, -2.3992e-01],
         [ 1.0552e-01,  4.6459e-01, -5.4493e-01,  ...,  1.5862e-01,
           1.3168e-01, -1.5313e-01],
         [ 1.0868e-01,  3.1753e-01,  1.1656e-02,  ..., -2.2094e-02,
          -4.7279e-02,  5.2755e-03]],

        [[ 3.0308e-04,  3.8306e-02,  2.5054e-02,  ...,  6.1209e-03,
           4.0625e-03, -4.0226e-03],
         [ 2.4297e-01, -1.0471e-02,  9.0203e-02,  ..., -4.3656e-02,
          -1.4243e-01,  2.5435e-01],
         [ 1.8131e-01, -9.5611e-03,  3.1960e-01,  ...,  8.2019e-02,
          -2.1355e-01,  1.6428e-01],
         ...,
         [ 2.1887e-01, -1.3172e-01, -2.1343e-01,  ..., -1.0350e-01,
           1.9653e-01, -2.3992e-01],
         [ 1.0552e-01,  4.6459e-01, -5.4493e-01,  ...,  1.5862e-01,
           1.3168e-01, -1.5313e-01],
         [ 1.0868e-01,  3.1753e-01,  1.1656e-02,  ..., -2.2094e-02,
          -4.7279e-02,  5.2755e-03]],

        [[ 3.0308e-04,  3.8306e-02,  2.5054e-02,  ...,  6.1209e-03,
           4.0625e-03, -4.0226e-03],
         [ 2.4297e-01, -1.0471e-02,  9.0203e-02,  ..., -4.3656e-02,
          -1.4243e-01,  2.5435e-01],
         [ 1.8131e-01, -9.5611e-03,  3.1960e-01,  ...,  8.2019e-02,
          -2.1355e-01,  1.6428e-01],
         ...,
         [ 2.1887e-01, -1.3172e-01, -2.1343e-01,  ..., -1.0350e-01,
           1.9653e-01, -2.3992e-01],
         [ 1.0552e-01,  4.6459e-01, -5.4493e-01,  ...,  1.5862e-01,
           1.3168e-01, -1.5313e-01],
         [ 1.0868e-01,  3.1753e-01,  1.1656e-02,  ..., -2.2094e-02,
          -4.7279e-02,  5.2755e-03]]], device='cuda:0'), hidden_states=None, attentions=None)   tensor([[1, 1, 1,  ..., 0, 0, 0],
        [1, 1, 1,  ..., 0, 0, 0],
        [1, 1, 1,  ..., 0, 0, 0],
        ...,
        [1, 1, 1,  ..., 1, 1, 1],
        [1, 1, 1,  ..., 1, 1, 1],
        [1, 1, 1,  ..., 1, 1, 1]], device='cuda:0')   None   None   None   None  
EXPFT OUTPUT:  tensor([[[-1.8814,  0.9403,  2.0644,  ...,  0.4596,  0.8441,  0.5730]],

        [[-4.4603,  0.6232,  2.9560,  ...,  0.5878,  0.5808,  0.5382]],

        [[-0.2831,  1.9474,  3.5558,  ...,  1.6653,  1.7214,  1.9416]],

        ...,

        [[-0.2579,  0.6180,  3.2355,  ..., -0.4747,  0.5323,  0.1421]],

        [[-1.4583,  0.0953,  3.0836,  ...,  0.2578,  0.1554,  0.2344]],

        [[-0.9937,  0.1625,  3.6193,  ...,  0.3573,  0.2400,  0.4438]]],
       device='cuda:0')
EXPFT beam_scores  tensor([-2.0158, -2.0452, -2.3834, -0.8102, -2.8178, -2.9197, -1.2192, -1.2584,
        -4.1335], device='cuda:0')
EXPFT beam_idx:  tensor([1, 0, 0, 3, 4, 4, 6, 7, 8], device='cuda:0')
EXPFT beam_next_tokens:  tensor([  815, 19931,     8,  3463,  8142,  4500, 10149,     9,     8],
       device='cuda:0')
***
new_all_paths  [(-3.2686805725097656, tensor([    2, 12815,  1156,   815], device='cuda:0')), (-6.504587173461914, tensor([    2,  9089,  2275, 19931], device='cuda:0')), (-8.43271541595459, tensor([    2, 21169,    12,     8], device='cuda:0')), (-2.239419937133789, tensor([    2,   448, 40741,  3463], device='cuda:0')), (-5.632750511169434, tensor([    2, 12815,  1221,  8142], device='cuda:0')), (-9.949164390563965, tensor([    2, 24671, 21723,  4500], device='cuda:0')), (-3.330751419067383, tensor([    2,   133,   468, 10149], device='cuda:0')), (-3.469472885131836, tensor([    2, 24270, 12070,     9], device='cuda:0')), (-11.122058868408203, tensor([   2,  250, 5893,    8], device='cuda:0'))]
total_summ_paths  [(-3.2686805725097656, tensor([    2, 12815,  1156,   815], device='cuda:0')), (-6.504587173461914, tensor([    2,  9089,  2275, 19931], device='cuda:0')), (-8.43271541595459, tensor([    2, 21169,    12,     8], device='cuda:0')), (-2.239419937133789, tensor([    2,   448, 40741,  3463], device='cuda:0')), (-5.632750511169434, tensor([    2, 12815,  1221,  8142], device='cuda:0')), (-9.949164390563965, tensor([    2, 24671, 21723,  4500], device='cuda:0')), (-3.330751419067383, tensor([    2,   133,   468, 10149], device='cuda:0')), (-3.469472885131836, tensor([    2, 24270, 12070,     9], device='cuda:0')), (-11.122058868408203, tensor([   2,  250, 5893,    8], device='cuda:0'))]
***
curlen  4
EXPFT input path  tensor([[    2, 12815,  1156,   815],
        [    2,  9089,  2275, 19931],
        [    2, 21169,    12,     8],
        [    2,   448, 40741,  3463],
        [    2, 12815,  1221,  8142],
        [    2, 24671, 21723,  4500],
        [    2,   133,   468, 10149],
        [    2, 24270, 12070,     9],
        [    2,   250,  5893,     8]], device='cuda:0')
EXPFT model_inputs:  None   BaseModelOutput(last_hidden_state=tensor([[[-2.5272e-03,  3.6527e-02,  1.7901e-02,  ...,  1.1135e-02,
          -2.2884e-03, -2.9418e-03],
         [-6.8607e-02,  1.9765e-01,  1.6544e-01,  ...,  3.6815e-02,
           4.9250e-02, -1.7402e-03],
         [ 1.0146e-01,  1.0406e-02,  6.0448e-01,  ..., -3.7020e-02,
          -1.1037e-01, -1.1018e-01],
         ...,
         [-1.6875e-01, -9.8480e-02, -6.0634e-01,  ...,  4.1635e-02,
           4.2197e-02,  7.7572e-02],
         [-2.5275e-03,  3.6524e-02,  1.7864e-02,  ...,  1.1132e-02,
          -2.2845e-03, -2.9360e-03],
         [-2.5248e-03,  3.6522e-02,  1.7841e-02,  ...,  1.1133e-02,
          -2.2846e-03, -2.9331e-03]],

        [[-2.5272e-03,  3.6527e-02,  1.7901e-02,  ...,  1.1135e-02,
          -2.2884e-03, -2.9418e-03],
         [-6.8607e-02,  1.9765e-01,  1.6544e-01,  ...,  3.6815e-02,
           4.9250e-02, -1.7402e-03],
         [ 1.0146e-01,  1.0406e-02,  6.0448e-01,  ..., -3.7020e-02,
          -1.1037e-01, -1.1018e-01],
         ...,
         [-1.6875e-01, -9.8480e-02, -6.0634e-01,  ...,  4.1635e-02,
           4.2197e-02,  7.7572e-02],
         [-2.5275e-03,  3.6524e-02,  1.7864e-02,  ...,  1.1132e-02,
          -2.2845e-03, -2.9360e-03],
         [-2.5248e-03,  3.6522e-02,  1.7841e-02,  ...,  1.1133e-02,
          -2.2846e-03, -2.9331e-03]],

        [[-2.5272e-03,  3.6527e-02,  1.7901e-02,  ...,  1.1135e-02,
          -2.2884e-03, -2.9418e-03],
         [-6.8607e-02,  1.9765e-01,  1.6544e-01,  ...,  3.6815e-02,
           4.9250e-02, -1.7402e-03],
         [ 1.0146e-01,  1.0406e-02,  6.0448e-01,  ..., -3.7020e-02,
          -1.1037e-01, -1.1018e-01],
         ...,
         [-1.6875e-01, -9.8480e-02, -6.0634e-01,  ...,  4.1635e-02,
           4.2197e-02,  7.7572e-02],
         [-2.5275e-03,  3.6524e-02,  1.7864e-02,  ...,  1.1132e-02,
          -2.2845e-03, -2.9360e-03],
         [-2.5248e-03,  3.6522e-02,  1.7841e-02,  ...,  1.1133e-02,
          -2.2846e-03, -2.9331e-03]],

        ...,

        [[ 3.0308e-04,  3.8306e-02,  2.5054e-02,  ...,  6.1209e-03,
           4.0625e-03, -4.0226e-03],
         [ 2.4297e-01, -1.0471e-02,  9.0203e-02,  ..., -4.3656e-02,
          -1.4243e-01,  2.5435e-01],
         [ 1.8131e-01, -9.5611e-03,  3.1960e-01,  ...,  8.2019e-02,
          -2.1355e-01,  1.6428e-01],
         ...,
         [ 2.1887e-01, -1.3172e-01, -2.1343e-01,  ..., -1.0350e-01,
           1.9653e-01, -2.3992e-01],
         [ 1.0552e-01,  4.6459e-01, -5.4493e-01,  ...,  1.5862e-01,
           1.3168e-01, -1.5313e-01],
         [ 1.0868e-01,  3.1753e-01,  1.1656e-02,  ..., -2.2094e-02,
          -4.7279e-02,  5.2755e-03]],

        [[ 3.0308e-04,  3.8306e-02,  2.5054e-02,  ...,  6.1209e-03,
           4.0625e-03, -4.0226e-03],
         [ 2.4297e-01, -1.0471e-02,  9.0203e-02,  ..., -4.3656e-02,
          -1.4243e-01,  2.5435e-01],
         [ 1.8131e-01, -9.5611e-03,  3.1960e-01,  ...,  8.2019e-02,
          -2.1355e-01,  1.6428e-01],
         ...,
         [ 2.1887e-01, -1.3172e-01, -2.1343e-01,  ..., -1.0350e-01,
           1.9653e-01, -2.3992e-01],
         [ 1.0552e-01,  4.6459e-01, -5.4493e-01,  ...,  1.5862e-01,
           1.3168e-01, -1.5313e-01],
         [ 1.0868e-01,  3.1753e-01,  1.1656e-02,  ..., -2.2094e-02,
          -4.7279e-02,  5.2755e-03]],

        [[ 3.0308e-04,  3.8306e-02,  2.5054e-02,  ...,  6.1209e-03,
           4.0625e-03, -4.0226e-03],
         [ 2.4297e-01, -1.0471e-02,  9.0203e-02,  ..., -4.3656e-02,
          -1.4243e-01,  2.5435e-01],
         [ 1.8131e-01, -9.5611e-03,  3.1960e-01,  ...,  8.2019e-02,
          -2.1355e-01,  1.6428e-01],
         ...,
         [ 2.1887e-01, -1.3172e-01, -2.1343e-01,  ..., -1.0350e-01,
           1.9653e-01, -2.3992e-01],
         [ 1.0552e-01,  4.6459e-01, -5.4493e-01,  ...,  1.5862e-01,
           1.3168e-01, -1.5313e-01],
         [ 1.0868e-01,  3.1753e-01,  1.1656e-02,  ..., -2.2094e-02,
          -4.7279e-02,  5.2755e-03]]], device='cuda:0'), hidden_states=None, attentions=None)   tensor([[1, 1, 1,  ..., 0, 0, 0],
        [1, 1, 1,  ..., 0, 0, 0],
        [1, 1, 1,  ..., 0, 0, 0],
        ...,
        [1, 1, 1,  ..., 1, 1, 1],
        [1, 1, 1,  ..., 1, 1, 1],
        [1, 1, 1,  ..., 1, 1, 1]], device='cuda:0')   None   None   None   None  
EXPFT OUTPUT:  tensor([[[-1.7485,  0.9352,  2.5372,  ...,  0.6379,  0.8151,  0.8790]],

        [[-3.3739,  0.6862,  2.3515,  ...,  0.3203,  0.7983,  0.2024]],

        [[-9.1896,  1.0904,  1.2712,  ...,  0.7932,  0.8913,  0.6815]],

        ...,

        [[-5.6980,  0.2043,  2.4273,  ...,  0.1192,  0.2753,  0.4232]],

        [[ 0.2949,  0.8732,  2.7606,  ...,  0.3266,  0.0508, -0.1369]],

        [[-0.6534,  0.9943,  2.6059,  ...,  1.1590,  0.8744,  1.1310]]],
       device='cuda:0')
EXPFT beam_scores  tensor([-2.2270, -2.2309, -3.9244, -1.6244, -2.9423, -3.3367, -1.3313, -1.6859,
        -2.8316], device='cuda:0')
EXPFT beam_idx:  tensor([1, 0, 2, 3, 4, 3, 7, 6, 6], device='cuda:0')
EXPFT beam_next_tokens:  tensor([ 1960, 19931,  2000,  8142,   397,    18,  6912,    34,    16],
       device='cuda:0')
***
new_all_paths  [(-5.495647430419922, tensor([    2, 12815,  1156,   815,  1960], device='cuda:0')), (-8.735516548156738, tensor([    2,  9089,  2275, 19931, 19931], device='cuda:0')), (-12.357097625732422, tensor([    2, 21169,    12,     8,  2000], device='cuda:0')), (-3.8638601303100586, tensor([    2,   448, 40741,  3463,  8142], device='cuda:0')), (-8.575090408325195, tensor([    2, 12815,  1221,  8142,   397], device='cuda:0')), (-13.285897254943848, tensor([    2, 24671, 21723,  4500,    18], device='cuda:0')), (-4.662005424499512, tensor([    2,   133,   468, 10149,  6912], device='cuda:0')), (-5.155362129211426, tensor([    2, 24270, 12070,     9,    34], device='cuda:0')), (-13.953688621520996, tensor([   2,  250, 5893,    8,   16], device='cuda:0'))]
total_summ_paths  [(-5.495647430419922, tensor([    2, 12815,  1156,   815,  1960], device='cuda:0')), (-8.735516548156738, tensor([    2,  9089,  2275, 19931, 19931], device='cuda:0')), (-12.357097625732422, tensor([    2, 21169,    12,     8,  2000], device='cuda:0')), (-3.8638601303100586, tensor([    2,   448, 40741,  3463,  8142], device='cuda:0')), (-8.575090408325195, tensor([    2, 12815,  1221,  8142,   397], device='cuda:0')), (-13.285897254943848, tensor([    2, 24671, 21723,  4500,    18], device='cuda:0')), (-4.662005424499512, tensor([    2,   133,   468, 10149,  6912], device='cuda:0')), (-5.155362129211426, tensor([    2, 24270, 12070,     9,    34], device='cuda:0')), (-13.953688621520996, tensor([   2,  250, 5893,    8,   16], device='cuda:0'))]
***
curlen  5
EXPFT input path  tensor([[    2, 12815,  1156,   815,  1960],
        [    2,  9089,  2275, 19931, 19931],
        [    2, 21169,    12,     8,  2000],
        [    2,   448, 40741,  3463,  8142],
        [    2, 12815,  1221,  8142,   397],
        [    2, 24671, 21723,  4500,    18],
        [    2,   133,   468, 10149,  6912],
        [    2, 24270, 12070,     9,    34],
        [    2,   250,  5893,     8,    16]], device='cuda:0')
EXPFT beam_scores  tensor([-2.2935, -2.3963, -4.4650, -1.7972, -3.0038, -4.3036, -1.6429, -2.5029,
        -3.2555], device='cuda:0')
EXPFT beam_idx:  tensor([0, 1, 2, 3, 4, 5, 6, 7, 7], device='cuda:0')
EXPFT beam_next_tokens:  tensor([33270,  1960, 19931,   397,  3086,   320,    34,  1027,   703],
       device='cuda:0')
***
new_all_paths  [(-7.78913688659668, tensor([    2, 12815,  1156,   815,  1960, 33270], device='cuda:0')), (-11.131852149963379, tensor([    2,  9089,  2275, 19931, 19931,  1960], device='cuda:0')), (-16.82213020324707, tensor([    2, 21169,    12,     8,  2000, 19931], device='cuda:0')), (-5.6610260009765625, tensor([    2,   448, 40741,  3463,  8142,   397], device='cuda:0')), (-11.57889461517334, tensor([    2, 12815,  1221,  8142,   397,  3086], device='cuda:0')), (-17.589515686035156, tensor([    2, 24671, 21723,  4500,    18,   320], device='cuda:0')), (-6.304862022399902, tensor([    2,   133,   468, 10149,  6912,    34], device='cuda:0')), (-7.658308029174805, tensor([    2, 24270, 12070,     9,    34,  1027], device='cuda:0')), (-17.20918369293213, tensor([   2,  250, 5893,    8,   16,  703], device='cuda:0'))]
total_summ_paths  [(-7.78913688659668, tensor([    2, 12815,  1156,   815,  1960, 33270], device='cuda:0')), (-11.131852149963379, tensor([    2,  9089,  2275, 19931, 19931,  1960], device='cuda:0')), (-16.82213020324707, tensor([    2, 21169,    12,     8,  2000, 19931], device='cuda:0')), (-5.6610260009765625, tensor([    2,   448, 40741,  3463,  8142,   397], device='cuda:0')), (-11.57889461517334, tensor([    2, 12815,  1221,  8142,   397,  3086], device='cuda:0')), (-17.589515686035156, tensor([    2, 24671, 21723,  4500,    18,   320], device='cuda:0')), (-6.304862022399902, tensor([    2,   133,   468, 10149,  6912,    34], device='cuda:0')), (-7.658308029174805, tensor([    2, 24270, 12070,     9,    34,  1027], device='cuda:0')), (-17.20918369293213, tensor([   2,  250, 5893,    8,   16,  703], device='cuda:0'))]
***
curlen  6
EXPFT input path  tensor([[    2, 12815,  1156,   815,  1960, 33270],
        [    2,  9089,  2275, 19931, 19931,  1960],
        [    2, 21169,    12,     8,  2000, 19931],
        [    2,   448, 40741,  3463,  8142,   397],
        [    2, 12815,  1221,  8142,   397,  3086],
        [    2, 24671, 21723,  4500,    18,   320],
        [    2,   133,   468, 10149,  6912,    34],
        [    2, 24270, 12070,     9,    34,  1027],
        [    2,   250,  5893,     8,    16,   703]], device='cuda:0')
EXPFT beam_scores  tensor([-2.3914, -2.4644, -4.6412, -1.8665, -3.0156, -5.1210, -2.4076, -3.7444,
        -3.7566], device='cuda:0')
EXPFT beam_idx:  tensor([0, 1, 2, 3, 4, 5, 6, 7, 7], device='cuda:0')
EXPFT beam_next_tokens:  tensor([ 2359, 33270,  1960,  3086, 21723,  1221,    57,    10,     5],
       device='cuda:0')
***
new_all_paths  [(-10.180493354797363, tensor([    2, 12815,  1156,   815,  1960, 33270,  2359], device='cuda:0')), (-13.596258163452148, tensor([    2,  9089,  2275, 19931, 19931,  1960, 33270], device='cuda:0')), (-21.463322639465332, tensor([    2, 21169,    12,     8,  2000, 19931,  1960], device='cuda:0')), (-7.527539253234863, tensor([    2,   448, 40741,  3463,  8142,   397,  3086], device='cuda:0')), (-14.594539642333984, tensor([    2, 12815,  1221,  8142,   397,  3086, 21723], device='cuda:0')), (-22.71047306060791, tensor([    2, 24671, 21723,  4500,    18,   320,  1221], device='cuda:0')), (-8.712424278259277, tensor([    2,   133,   468, 10149,  6912,    34,    57], device='cuda:0')), (-11.402700424194336, tensor([    2, 24270, 12070,     9,    34,  1027,    10], device='cuda:0')), (-20.965821266174316, tensor([   2,  250, 5893,    8,   16,  703,    5], device='cuda:0'))]
total_summ_paths  [(-10.180493354797363, tensor([    2, 12815,  1156,   815,  1960, 33270,  2359], device='cuda:0')), (-13.596258163452148, tensor([    2,  9089,  2275, 19931, 19931,  1960, 33270], device='cuda:0')), (-21.463322639465332, tensor([    2, 21169,    12,     8,  2000, 19931,  1960], device='cuda:0')), (-7.527539253234863, tensor([    2,   448, 40741,  3463,  8142,   397,  3086], device='cuda:0')), (-14.594539642333984, tensor([    2, 12815,  1221,  8142,   397,  3086, 21723], device='cuda:0')), (-22.71047306060791, tensor([    2, 24671, 21723,  4500,    18,   320,  1221], device='cuda:0')), (-8.712424278259277, tensor([    2,   133,   468, 10149,  6912,    34,    57], device='cuda:0')), (-11.402700424194336, tensor([    2, 24270, 12070,     9,    34,  1027,    10], device='cuda:0')), (-20.965821266174316, tensor([   2,  250, 5893,    8,   16,  703,    5], device='cuda:0'))]
***
curlen  7
EXPFT input path  tensor([[    2, 12815,  1156,   815,  1960, 33270,  2359],
        [    2,  9089,  2275, 19931, 19931,  1960, 33270],
        [    2, 21169,    12,     8,  2000, 19931,  1960],
        [    2,   448, 40741,  3463,  8142,   397,  3086],
        [    2, 12815,  1221,  8142,   397,  3086, 21723],
        [    2, 24671, 21723,  4500,    18,   320,  1221],
        [    2,   133,   468, 10149,  6912,    34,    57],
        [    2, 24270, 12070,     9,    34,  1027,    10],
        [    2,   250,  5893,     8,    16,   703,     5]], device='cuda:0')
EXPFT beam_scores  tensor([-2.5621, -2.9527, -4.3405, -1.8782, -3.0554, -6.1864, -3.3677, -4.1522,
        -5.1124], device='cuda:0')
EXPFT beam_idx:  tensor([1, 0, 0, 3, 4, 5, 6, 8, 6], device='cuda:0')
EXPFT beam_next_tokens:  tensor([ 2359,    34,    16, 21723,   293,  8142, 16372,    78,  3520],
       device='cuda:0')
***
new_all_paths  [(-12.742608070373535, tensor([    2, 12815,  1156,   815,  1960, 33270,  2359,  2359],
       device='cuda:0')), (-16.548977851867676, tensor([    2,  9089,  2275, 19931, 19931,  1960, 33270,    34],
       device='cuda:0')), (-25.80379867553711, tensor([    2, 21169,    12,     8,  2000, 19931,  1960,    16],
       device='cuda:0')), (-9.40572738647461, tensor([    2,   448, 40741,  3463,  8142,   397,  3086, 21723],
       device='cuda:0')), (-17.64994525909424, tensor([    2, 12815,  1221,  8142,   397,  3086, 21723,   293],
       device='cuda:0')), (-28.89686393737793, tensor([    2, 24671, 21723,  4500,    18,   320,  1221,  8142],
       device='cuda:0')), (-12.080081939697266, tensor([    2,   133,   468, 10149,  6912,    34,    57, 16372],
       device='cuda:0')), (-15.554893493652344, tensor([    2, 24270, 12070,     9,    34,  1027,    10,    78],
       device='cuda:0')), (-26.078171730041504, tensor([   2,  250, 5893,    8,   16,  703,    5, 3520], device='cuda:0'))]
total_summ_paths  [(-12.742608070373535, tensor([    2, 12815,  1156,   815,  1960, 33270,  2359,  2359],
       device='cuda:0')), (-16.548977851867676, tensor([    2,  9089,  2275, 19931, 19931,  1960, 33270,    34],
       device='cuda:0')), (-25.80379867553711, tensor([    2, 21169,    12,     8,  2000, 19931,  1960,    16],
       device='cuda:0')), (-9.40572738647461, tensor([    2,   448, 40741,  3463,  8142,   397,  3086, 21723],
       device='cuda:0')), (-17.64994525909424, tensor([    2, 12815,  1221,  8142,   397,  3086, 21723,   293],
       device='cuda:0')), (-28.89686393737793, tensor([    2, 24671, 21723,  4500,    18,   320,  1221,  8142],
       device='cuda:0')), (-12.080081939697266, tensor([    2,   133,   468, 10149,  6912,    34,    57, 16372],
       device='cuda:0')), (-15.554893493652344, tensor([    2, 24270, 12070,     9,    34,  1027,    10,    78],
       device='cuda:0')), (-26.078171730041504, tensor([   2,  250, 5893,    8,   16,  703,    5, 3520], device='cuda:0'))]
***
curlen  8
EXPFT input path  tensor([[    2, 12815,  1156,   815,  1960, 33270,  2359,  2359],
        [    2,  9089,  2275, 19931, 19931,  1960, 33270,    34],
        [    2, 21169,    12,     8,  2000, 19931,  1960,    16],
        [    2,   448, 40741,  3463,  8142,   397,  3086, 21723],
        [    2, 12815,  1221,  8142,   397,  3086, 21723,   293],
        [    2, 24671, 21723,  4500,    18,   320,  1221,  8142],
        [    2,   133,   468, 10149,  6912,    34,    57, 16372],
        [    2, 24270, 12070,     9,    34,  1027,    10,    78],
        [    2,   250,  5893,     8,    16,   703,     5,  3520]],
       device='cuda:0')
EXPFT beam_scores  tensor([-3.0931, -4.1097, -4.3484, -1.9186, -3.9056, -4.2902, -3.6654, -5.3854,
        -5.7137], device='cuda:0')
EXPFT beam_idx:  tensor([0, 1, 1, 3, 4, 4, 6, 8, 7], device='cuda:0')
EXPFT beam_next_tokens:  tensor([  34, 4407, 2296,  293,   40,   34,   13,   11, 3156], device='cuda:0')
***
new_all_paths  [(-15.83575439453125, tensor([    2, 12815,  1156,   815,  1960, 33270,  2359,  2359,    34],
       device='cuda:0')), (-20.658637046813965, tensor([    2,  9089,  2275, 19931, 19931,  1960, 33270,    34,  4407],
       device='cuda:0')), (-30.152172088623047, tensor([    2, 21169,    12,     8,  2000, 19931,  1960,    16,  2296],
       device='cuda:0')), (-11.324372291564941, tensor([    2,   448, 40741,  3463,  8142,   397,  3086, 21723,   293],
       device='cuda:0')), (-21.555521965026855, tensor([    2, 12815,  1221,  8142,   397,  3086, 21723,   293,    40],
       device='cuda:0')), (-33.18705463409424, tensor([    2, 24671, 21723,  4500,    18,   320,  1221,  8142,    34],
       device='cuda:0')), (-15.745515823364258, tensor([    2,   133,   468, 10149,  6912,    34,    57, 16372,    13],
       device='cuda:0')), (-20.940290451049805, tensor([    2, 24270, 12070,     9,    34,  1027,    10,    78,    11],
       device='cuda:0')), (-31.791889190673828, tensor([   2,  250, 5893,    8,   16,  703,    5, 3520, 3156], device='cuda:0'))]
total_summ_paths  [(-15.83575439453125, tensor([    2, 12815,  1156,   815,  1960, 33270,  2359,  2359,    34],
       device='cuda:0')), (-20.658637046813965, tensor([    2,  9089,  2275, 19931, 19931,  1960, 33270,    34,  4407],
       device='cuda:0')), (-30.152172088623047, tensor([    2, 21169,    12,     8,  2000, 19931,  1960,    16,  2296],
       device='cuda:0')), (-11.324372291564941, tensor([    2,   448, 40741,  3463,  8142,   397,  3086, 21723,   293],
       device='cuda:0')), (-21.555521965026855, tensor([    2, 12815,  1221,  8142,   397,  3086, 21723,   293,    40],
       device='cuda:0')), (-33.18705463409424, tensor([    2, 24671, 21723,  4500,    18,   320,  1221,  8142,    34],
       device='cuda:0')), (-15.745515823364258, tensor([    2,   133,   468, 10149,  6912,    34,    57, 16372,    13],
       device='cuda:0')), (-20.940290451049805, tensor([    2, 24270, 12070,     9,    34,  1027,    10,    78,    11],
       device='cuda:0')), (-31.791889190673828, tensor([   2,  250, 5893,    8,   16,  703,    5, 3520, 3156], device='cuda:0'))]
***
curlen  9
EXPFT input path  tensor([[    2, 12815,  1156,   815,  1960, 33270,  2359,  2359,    34],
        [    2,  9089,  2275, 19931, 19931,  1960, 33270,    34,  4407],
        [    2, 21169,    12,     8,  2000, 19931,  1960,    16,  2296],
        [    2,   448, 40741,  3463,  8142,   397,  3086, 21723,   293],
        [    2, 12815,  1221,  8142,   397,  3086, 21723,   293,    40],
        [    2, 24671, 21723,  4500,    18,   320,  1221,  8142,    34],
        [    2,   133,   468, 10149,  6912,    34,    57, 16372,    13],
        [    2, 24270, 12070,     9,    34,  1027,    10,    78,    11],
        [    2,   250,  5893,     8,    16,   703,     5,  3520,  3156]],
       device='cuda:0')
EXPFT beam_scores  tensor([-4.2112, -4.2379, -4.4728, -2.8197, -3.1254, -4.0461, -4.7430, -4.7586,
        -5.9281], device='cuda:0')
EXPFT beam_idx:  tensor([1, 0, 0, 3, 3, 3, 6, 6, 6], device='cuda:0')
EXPFT beam_next_tokens:  tensor([  45, 4407, 2296,   40,   34,   16, 1089,    5,   10], device='cuda:0')
***
new_all_paths  [(-20.046913146972656, tensor([    2, 12815,  1156,   815,  1960, 33270,  2359,  2359,    34,    45],
       device='cuda:0')), (-24.896574020385742, tensor([    2,  9089,  2275, 19931, 19931,  1960, 33270,    34,  4407,  4407],
       device='cuda:0')), (-34.6249418258667, tensor([    2, 21169,    12,     8,  2000, 19931,  1960,    16,  2296,  2296],
       device='cuda:0')), (-14.14403247833252, tensor([    2,   448, 40741,  3463,  8142,   397,  3086, 21723,   293,    40],
       device='cuda:0')), (-24.680901527404785, tensor([    2, 12815,  1221,  8142,   397,  3086, 21723,   293,    40,    34],
       device='cuda:0')), (-37.233150482177734, tensor([    2, 24671, 21723,  4500,    18,   320,  1221,  8142,    34,    16],
       device='cuda:0')), (-20.48852252960205, tensor([    2,   133,   468, 10149,  6912,    34,    57, 16372,    13,  1089],
       device='cuda:0')), (-25.698933601379395, tensor([    2, 24270, 12070,     9,    34,  1027,    10,    78,    11,     5],
       device='cuda:0')), (-37.720032691955566, tensor([   2,  250, 5893,    8,   16,  703,    5, 3520, 3156,   10],
       device='cuda:0'))]
total_summ_paths  [(-20.046913146972656, tensor([    2, 12815,  1156,   815,  1960, 33270,  2359,  2359,    34,    45],
       device='cuda:0')), (-24.896574020385742, tensor([    2,  9089,  2275, 19931, 19931,  1960, 33270,    34,  4407,  4407],
       device='cuda:0')), (-34.6249418258667, tensor([    2, 21169,    12,     8,  2000, 19931,  1960,    16,  2296,  2296],
       device='cuda:0')), (-14.14403247833252, tensor([    2,   448, 40741,  3463,  8142,   397,  3086, 21723,   293,    40],
       device='cuda:0')), (-24.680901527404785, tensor([    2, 12815,  1221,  8142,   397,  3086, 21723,   293,    40,    34],
       device='cuda:0')), (-37.233150482177734, tensor([    2, 24671, 21723,  4500,    18,   320,  1221,  8142,    34,    16],
       device='cuda:0')), (-20.48852252960205, tensor([    2,   133,   468, 10149,  6912,    34,    57, 16372,    13,  1089],
       device='cuda:0')), (-25.698933601379395, tensor([    2, 24270, 12070,     9,    34,  1027,    10,    78,    11,     5],
       device='cuda:0')), (-37.720032691955566, tensor([   2,  250, 5893,    8,   16,  703,    5, 3520, 3156,   10],
       device='cuda:0'))]
***
curlen  10
EXPFT input path  tensor([[    2, 12815,  1156,   815,  1960, 33270,  2359,  2359,    34,    45],
        [    2,  9089,  2275, 19931, 19931,  1960, 33270,    34,  4407,  4407],
        [    2, 21169,    12,     8,  2000, 19931,  1960,    16,  2296,  2296],
        [    2,   448, 40741,  3463,  8142,   397,  3086, 21723,   293,    40],
        [    2, 12815,  1221,  8142,   397,  3086, 21723,   293,    40,    34],
        [    2, 24671, 21723,  4500,    18,   320,  1221,  8142,    34,    16],
        [    2,   133,   468, 10149,  6912,    34,    57, 16372,    13,  1089],
        [    2, 24270, 12070,     9,    34,  1027,    10,    78,    11,     5],
        [    2,   250,  5893,     8,    16,   703,     5,  3520,  3156,    10]],
       device='cuda:0')
EXPFT beam_scores  tensor([-4.2765, -4.3397, -6.5153, -3.4612, -3.6280, -3.9610, -4.7968, -5.8143,
        -6.8904], device='cuda:0')
EXPFT beam_idx:  tensor([0, 1, 2, 4, 3, 3, 6, 7, 8], device='cuda:0')
EXPFT beam_next_tokens:  tensor([2181,   45,   10,   57, 2649,   28,  468,   78, 4511], device='cuda:0')
***
new_all_paths  [(-24.32344627380371, tensor([    2, 12815,  1156,   815,  1960, 33270,  2359,  2359,    34,    45,
         2181], device='cuda:0')), (-29.236321449279785, tensor([    2,  9089,  2275, 19931, 19931,  1960, 33270,    34,  4407,  4407,
           45], device='cuda:0')), (-41.14023208618164, tensor([    2, 21169,    12,     8,  2000, 19931,  1960,    16,  2296,  2296,
           10], device='cuda:0')), (-17.605185508728027, tensor([    2,   448, 40741,  3463,  8142,   397,  3086, 21723,   293,    40,
           57], device='cuda:0')), (-28.30890655517578, tensor([    2, 12815,  1221,  8142,   397,  3086, 21723,   293,    40,    34,
         2649], device='cuda:0')), (-41.19413661956787, tensor([    2, 24671, 21723,  4500,    18,   320,  1221,  8142,    34,    16,
           28], device='cuda:0')), (-25.28535556793213, tensor([    2,   133,   468, 10149,  6912,    34,    57, 16372,    13,  1089,
          468], device='cuda:0')), (-31.513277053833008, tensor([    2, 24270, 12070,     9,    34,  1027,    10,    78,    11,     5,
           78], device='cuda:0')), (-44.610411643981934, tensor([   2,  250, 5893,    8,   16,  703,    5, 3520, 3156,   10, 4511],
       device='cuda:0'))]
total_summ_paths  [(-24.32344627380371, tensor([    2, 12815,  1156,   815,  1960, 33270,  2359,  2359,    34,    45,
         2181], device='cuda:0')), (-29.236321449279785, tensor([    2,  9089,  2275, 19931, 19931,  1960, 33270,    34,  4407,  4407,
           45], device='cuda:0')), (-41.14023208618164, tensor([    2, 21169,    12,     8,  2000, 19931,  1960,    16,  2296,  2296,
           10], device='cuda:0')), (-17.605185508728027, tensor([    2,   448, 40741,  3463,  8142,   397,  3086, 21723,   293,    40,
           57], device='cuda:0')), (-28.30890655517578, tensor([    2, 12815,  1221,  8142,   397,  3086, 21723,   293,    40,    34,
         2649], device='cuda:0')), (-41.19413661956787, tensor([    2, 24671, 21723,  4500,    18,   320,  1221,  8142,    34,    16,
           28], device='cuda:0')), (-25.28535556793213, tensor([    2,   133,   468, 10149,  6912,    34,    57, 16372,    13,  1089,
          468], device='cuda:0')), (-31.513277053833008, tensor([    2, 24270, 12070,     9,    34,  1027,    10,    78,    11,     5,
           78], device='cuda:0')), (-44.610411643981934, tensor([   2,  250, 5893,    8,   16,  703,    5, 3520, 3156,   10, 4511],
       device='cuda:0'))]
***
curlen  11
EXPFT input path  tensor([[    2, 12815,  1156,   815,  1960, 33270,  2359,  2359,    34,    45,
          2181],
        [    2,  9089,  2275, 19931, 19931,  1960, 33270,    34,  4407,  4407,
            45],
        [    2, 21169,    12,     8,  2000, 19931,  1960,    16,  2296,  2296,
            10],
        [    2,   448, 40741,  3463,  8142,   397,  3086, 21723,   293,    40,
            57],
        [    2, 12815,  1221,  8142,   397,  3086, 21723,   293,    40,    34,
          2649],
        [    2, 24671, 21723,  4500,    18,   320,  1221,  8142,    34,    16,
            28],
        [    2,   133,   468, 10149,  6912,    34,    57, 16372,    13,  1089,
           468],
        [    2, 24270, 12070,     9,    34,  1027,    10,    78,    11,     5,
            78],
        [    2,   250,  5893,     8,    16,   703,     5,  3520,  3156,    10,
          4511]], device='cuda:0')
EXPFT beam_scores  tensor([-4.4084, -4.4148, -7.3559, -3.6149, -3.9399, -4.0762, -4.8808, -5.9382,
        -7.6963], device='cuda:0')
EXPFT beam_idx:  tensor([1, 0, 2, 3, 4, 5, 6, 7, 8], device='cuda:0')
EXPFT beam_next_tokens:  tensor([ 2181,     7,   984,  3447,     5,    66, 10149,    86,    13],
       device='cuda:0')
***
new_all_paths  [(-28.731831550598145, tensor([    2, 12815,  1156,   815,  1960, 33270,  2359,  2359,    34,    45,
         2181,  2181], device='cuda:0')), (-33.651156425476074, tensor([    2,  9089,  2275, 19931, 19931,  1960, 33270,    34,  4407,  4407,
           45,     7], device='cuda:0')), (-48.49611854553223, tensor([    2, 21169,    12,     8,  2000, 19931,  1960,    16,  2296,  2296,
           10,   984], device='cuda:0')), (-21.22011947631836, tensor([    2,   448, 40741,  3463,  8142,   397,  3086, 21723,   293,    40,
           57,  3447], device='cuda:0')), (-32.24880599975586, tensor([    2, 12815,  1221,  8142,   397,  3086, 21723,   293,    40,    34,
         2649,     5], device='cuda:0')), (-45.27032947540283, tensor([    2, 24671, 21723,  4500,    18,   320,  1221,  8142,    34,    16,
           28,    66], device='cuda:0')), (-30.166142463684082, tensor([    2,   133,   468, 10149,  6912,    34,    57, 16372,    13,  1089,
          468, 10149], device='cuda:0')), (-37.45147895812988, tensor([    2, 24270, 12070,     9,    34,  1027,    10,    78,    11,     5,
           78,    86], device='cuda:0')), (-52.306678771972656, tensor([   2,  250, 5893,    8,   16,  703,    5, 3520, 3156,   10, 4511,   13],
       device='cuda:0'))]
total_summ_paths  [(-28.731831550598145, tensor([    2, 12815,  1156,   815,  1960, 33270,  2359,  2359,    34,    45,
         2181,  2181], device='cuda:0')), (-33.651156425476074, tensor([    2,  9089,  2275, 19931, 19931,  1960, 33270,    34,  4407,  4407,
           45,     7], device='cuda:0')), (-48.49611854553223, tensor([    2, 21169,    12,     8,  2000, 19931,  1960,    16,  2296,  2296,
           10,   984], device='cuda:0')), (-21.22011947631836, tensor([    2,   448, 40741,  3463,  8142,   397,  3086, 21723,   293,    40,
           57,  3447], device='cuda:0')), (-32.24880599975586, tensor([    2, 12815,  1221,  8142,   397,  3086, 21723,   293,    40,    34,
         2649,     5], device='cuda:0')), (-45.27032947540283, tensor([    2, 24671, 21723,  4500,    18,   320,  1221,  8142,    34,    16,
           28,    66], device='cuda:0')), (-30.166142463684082, tensor([    2,   133,   468, 10149,  6912,    34,    57, 16372,    13,  1089,
          468, 10149], device='cuda:0')), (-37.45147895812988, tensor([    2, 24270, 12070,     9,    34,  1027,    10,    78,    11,     5,
           78,    86], device='cuda:0')), (-52.306678771972656, tensor([   2,  250, 5893,    8,   16,  703,    5, 3520, 3156,   10, 4511,   13],
       device='cuda:0'))]
***
curlen  12
EXPFT input path  tensor([[    2, 12815,  1156,   815,  1960, 33270,  2359,  2359,    34,    45,
          2181,  2181],
        [    2,  9089,  2275, 19931, 19931,  1960, 33270,    34,  4407,  4407,
            45,     7],
        [    2, 21169,    12,     8,  2000, 19931,  1960,    16,  2296,  2296,
            10,   984],
        [    2,   448, 40741,  3463,  8142,   397,  3086, 21723,   293,    40,
            57,  3447],
        [    2, 12815,  1221,  8142,   397,  3086, 21723,   293,    40,    34,
          2649,     5],
        [    2, 24671, 21723,  4500,    18,   320,  1221,  8142,    34,    16,
            28,    66],
        [    2,   133,   468, 10149,  6912,    34,    57, 16372,    13,  1089,
           468, 10149],
        [    2, 24270, 12070,     9,    34,  1027,    10,    78,    11,     5,
            78,    86],
        [    2,   250,  5893,     8,    16,   703,     5,  3520,  3156,    10,
          4511,    13]], device='cuda:0')
EXPFT beam_scores  tensor([-4.5429, -6.2263, -6.2739, -3.7250, -4.3016, -4.3584, -6.1245, -6.6057,
        -6.7102], device='cuda:0')
EXPFT beam_idx:  tensor([0, 1, 1, 3, 4, 5, 6, 7, 6], device='cuda:0')
EXPFT beam_next_tokens:  tensor([   7, 3526,   10,   66, 1079,   13,    4,   13,   18], device='cuda:0')
***
new_all_paths  [(-33.27476119995117, tensor([    2, 12815,  1156,   815,  1960, 33270,  2359,  2359,    34,    45,
         2181,  2181,     7], device='cuda:0')), (-39.87742614746094, tensor([    2,  9089,  2275, 19931, 19931,  1960, 33270,    34,  4407,  4407,
           45,     7,  3526], device='cuda:0')), (-54.77001476287842, tensor([    2, 21169,    12,     8,  2000, 19931,  1960,    16,  2296,  2296,
           10,   984,    10], device='cuda:0')), (-24.94514274597168, tensor([    2,   448, 40741,  3463,  8142,   397,  3086, 21723,   293,    40,
           57,  3447,    66], device='cuda:0')), (-36.550437927246094, tensor([    2, 12815,  1221,  8142,   397,  3086, 21723,   293,    40,    34,
         2649,     5,  1079], device='cuda:0')), (-49.62873554229736, tensor([    2, 24671, 21723,  4500,    18,   320,  1221,  8142,    34,    16,
           28,    66,    13], device='cuda:0')), (-36.290595054626465, tensor([    2,   133,   468, 10149,  6912,    34,    57, 16372,    13,  1089,
          468, 10149,     4], device='cuda:0')), (-44.05714797973633, tensor([    2, 24270, 12070,     9,    34,  1027,    10,    78,    11,     5,
           78,    86,    13], device='cuda:0')), (-59.01689338684082, tensor([   2,  250, 5893,    8,   16,  703,    5, 3520, 3156,   10, 4511,   13,
          18], device='cuda:0'))]
total_summ_paths  [(-33.27476119995117, tensor([    2, 12815,  1156,   815,  1960, 33270,  2359,  2359,    34,    45,
         2181,  2181,     7], device='cuda:0')), (-39.87742614746094, tensor([    2,  9089,  2275, 19931, 19931,  1960, 33270,    34,  4407,  4407,
           45,     7,  3526], device='cuda:0')), (-54.77001476287842, tensor([    2, 21169,    12,     8,  2000, 19931,  1960,    16,  2296,  2296,
           10,   984,    10], device='cuda:0')), (-24.94514274597168, tensor([    2,   448, 40741,  3463,  8142,   397,  3086, 21723,   293,    40,
           57,  3447,    66], device='cuda:0')), (-36.550437927246094, tensor([    2, 12815,  1221,  8142,   397,  3086, 21723,   293,    40,    34,
         2649,     5,  1079], device='cuda:0')), (-49.62873554229736, tensor([    2, 24671, 21723,  4500,    18,   320,  1221,  8142,    34,    16,
           28,    66,    13], device='cuda:0')), (-36.290595054626465, tensor([    2,   133,   468, 10149,  6912,    34,    57, 16372,    13,  1089,
          468, 10149,     4], device='cuda:0')), (-44.05714797973633, tensor([    2, 24270, 12070,     9,    34,  1027,    10,    78,    11,     5,
           78,    86,    13], device='cuda:0')), (-59.01689338684082, tensor([   2,  250, 5893,    8,   16,  703,    5, 3520, 3156,   10, 4511,   13,
          18], device='cuda:0'))]
***
curlen  13
EXPFT input path  tensor([[    2, 12815,  1156,   815,  1960, 33270,  2359,  2359,    34,    45,
          2181,  2181,     7],
        [    2,  9089,  2275, 19931, 19931,  1960, 33270,    34,  4407,  4407,
            45,     7,  3526],
        [    2, 21169,    12,     8,  2000, 19931,  1960,    16,  2296,  2296,
            10,   984,    10],
        [    2,   448, 40741,  3463,  8142,   397,  3086, 21723,   293,    40,
            57,  3447,    66],
        [    2, 12815,  1221,  8142,   397,  3086, 21723,   293,    40,    34,
          2649,     5,  1079],
        [    2, 24671, 21723,  4500,    18,   320,  1221,  8142,    34,    16,
            28,    66,    13],
        [    2,   133,   468, 10149,  6912,    34,    57, 16372,    13,  1089,
           468, 10149,     4],
        [    2, 24270, 12070,     9,    34,  1027,    10,    78,    11,     5,
            78,    86,    13],
        [    2,   250,  5893,     8,    16,   703,     5,  3520,  3156,    10,
          4511,    13,    18]], device='cuda:0')
EXPFT beam_scores  tensor([-6.2122, -6.4072, -7.3886, -3.9786, -4.4061, -5.8178, -7.1796, -7.5054,
        -8.6247], device='cuda:0')
EXPFT beam_idx:  tensor([0, 0, 2, 3, 4, 5, 7, 8, 7], device='cuda:0')
EXPFT beam_next_tokens:  tensor([3526,   10,  984,   13,    9,   62, 1089,  727,    5], device='cuda:0')
***
new_all_paths  [(-39.48693370819092, tensor([    2, 12815,  1156,   815,  1960, 33270,  2359,  2359,    34,    45,
         2181,  2181,     7,  3526], device='cuda:0')), (-46.284640312194824, tensor([    2,  9089,  2275, 19931, 19931,  1960, 33270,    34,  4407,  4407,
           45,     7,  3526,    10], device='cuda:0')), (-62.15859031677246, tensor([    2, 21169,    12,     8,  2000, 19931,  1960,    16,  2296,  2296,
           10,   984,    10,   984], device='cuda:0')), (-28.92375946044922, tensor([    2,   448, 40741,  3463,  8142,   397,  3086, 21723,   293,    40,
           57,  3447,    66,    13], device='cuda:0')), (-40.95650100708008, tensor([    2, 12815,  1221,  8142,   397,  3086, 21723,   293,    40,    34,
         2649,     5,  1079,     9], device='cuda:0')), (-55.44649696350098, tensor([    2, 24671, 21723,  4500,    18,   320,  1221,  8142,    34,    16,
           28,    66,    13,    62], device='cuda:0')), (-43.47019100189209, tensor([    2,   133,   468, 10149,  6912,    34,    57, 16372,    13,  1089,
          468, 10149,     4,  1089], device='cuda:0')), (-51.5625696182251, tensor([    2, 24270, 12070,     9,    34,  1027,    10,    78,    11,     5,
           78,    86,    13,   727], device='cuda:0')), (-67.64162826538086, tensor([   2,  250, 5893,    8,   16,  703,    5, 3520, 3156,   10, 4511,   13,
          18,    5], device='cuda:0'))]
total_summ_paths  [(-39.48693370819092, tensor([    2, 12815,  1156,   815,  1960, 33270,  2359,  2359,    34,    45,
         2181,  2181,     7,  3526], device='cuda:0')), (-46.284640312194824, tensor([    2,  9089,  2275, 19931, 19931,  1960, 33270,    34,  4407,  4407,
           45,     7,  3526,    10], device='cuda:0')), (-62.15859031677246, tensor([    2, 21169,    12,     8,  2000, 19931,  1960,    16,  2296,  2296,
           10,   984,    10,   984], device='cuda:0')), (-28.92375946044922, tensor([    2,   448, 40741,  3463,  8142,   397,  3086, 21723,   293,    40,
           57,  3447,    66,    13], device='cuda:0')), (-40.95650100708008, tensor([    2, 12815,  1221,  8142,   397,  3086, 21723,   293,    40,    34,
         2649,     5,  1079,     9], device='cuda:0')), (-55.44649696350098, tensor([    2, 24671, 21723,  4500,    18,   320,  1221,  8142,    34,    16,
           28,    66,    13,    62], device='cuda:0')), (-43.47019100189209, tensor([    2,   133,   468, 10149,  6912,    34,    57, 16372,    13,  1089,
          468, 10149,     4,  1089], device='cuda:0')), (-51.5625696182251, tensor([    2, 24270, 12070,     9,    34,  1027,    10,    78,    11,     5,
           78,    86,    13,   727], device='cuda:0')), (-67.64162826538086, tensor([   2,  250, 5893,    8,   16,  703,    5, 3520, 3156,   10, 4511,   13,
          18,    5], device='cuda:0'))]
***
curlen  14
EXPFT input path  tensor([[    2, 12815,  1156,   815,  1960, 33270,  2359,  2359,    34,    45,
          2181,  2181,     7,  3526],
        [    2,  9089,  2275, 19931, 19931,  1960, 33270,    34,  4407,  4407,
            45,     7,  3526,    10],
        [    2, 21169,    12,     8,  2000, 19931,  1960,    16,  2296,  2296,
            10,   984,    10,   984],
        [    2,   448, 40741,  3463,  8142,   397,  3086, 21723,   293,    40,
            57,  3447,    66,    13],
        [    2, 12815,  1221,  8142,   397,  3086, 21723,   293,    40,    34,
          2649,     5,  1079,     9],
        [    2, 24671, 21723,  4500,    18,   320,  1221,  8142,    34,    16,
            28,    66,    13,    62],
        [    2,   133,   468, 10149,  6912,    34,    57, 16372,    13,  1089,
           468, 10149,     4,  1089],
        [    2, 24270, 12070,     9,    34,  1027,    10,    78,    11,     5,
            78,    86,    13,   727],
        [    2,   250,  5893,     8,    16,   703,     5,  3520,  3156,    10,
          4511,    13,    18,     5]], device='cuda:0')
EXPFT beam_scores  tensor([-7.4430, -7.6265, -7.7226, -4.5201, -4.8080, -5.9147, -7.2332, -7.5709,
        -9.9428], device='cuda:0')
EXPFT beam_idx:  tensor([1, 0, 0, 4, 3, 5, 6, 7, 8], device='cuda:0')
EXPFT beam_next_tokens:  tensor([ 984,    8, 1103,    5,    5,    7,  468,  212, 1089], device='cuda:0')
***
new_all_paths  [(-46.929931640625, tensor([    2, 12815,  1156,   815,  1960, 33270,  2359,  2359,    34,    45,
         2181,  2181,     7,  3526,   984], device='cuda:0')), (-53.91110324859619, tensor([    2,  9089,  2275, 19931, 19931,  1960, 33270,    34,  4407,  4407,
           45,     7,  3526,    10,     8], device='cuda:0')), (-69.88116264343262, tensor([    2, 21169,    12,     8,  2000, 19931,  1960,    16,  2296,  2296,
           10,   984,    10,   984,  1103], device='cuda:0')), (-33.443891525268555, tensor([    2,   448, 40741,  3463,  8142,   397,  3086, 21723,   293,    40,
           57,  3447,    66,    13,     5], device='cuda:0')), (-45.76449203491211, tensor([    2, 12815,  1221,  8142,   397,  3086, 21723,   293,    40,    34,
         2649,     5,  1079,     9,     5], device='cuda:0')), (-61.361188888549805, tensor([    2, 24671, 21723,  4500,    18,   320,  1221,  8142,    34,    16,
           28,    66,    13,    62,     7], device='cuda:0')), (-50.70337390899658, tensor([    2,   133,   468, 10149,  6912,    34,    57, 16372,    13,  1089,
          468, 10149,     4,  1089,   468], device='cuda:0')), (-59.13345146179199, tensor([    2, 24270, 12070,     9,    34,  1027,    10,    78,    11,     5,
           78,    86,    13,   727,   212], device='cuda:0')), (-77.58444023132324, tensor([   2,  250, 5893,    8,   16,  703,    5, 3520, 3156,   10, 4511,   13,
          18,    5, 1089], device='cuda:0'))]
total_summ_paths  [(-46.929931640625, tensor([    2, 12815,  1156,   815,  1960, 33270,  2359,  2359,    34,    45,
         2181,  2181,     7,  3526,   984], device='cuda:0')), (-53.91110324859619, tensor([    2,  9089,  2275, 19931, 19931,  1960, 33270,    34,  4407,  4407,
           45,     7,  3526,    10,     8], device='cuda:0')), (-69.88116264343262, tensor([    2, 21169,    12,     8,  2000, 19931,  1960,    16,  2296,  2296,
           10,   984,    10,   984,  1103], device='cuda:0')), (-33.443891525268555, tensor([    2,   448, 40741,  3463,  8142,   397,  3086, 21723,   293,    40,
           57,  3447,    66,    13,     5], device='cuda:0')), (-45.76449203491211, tensor([    2, 12815,  1221,  8142,   397,  3086, 21723,   293,    40,    34,
         2649,     5,  1079,     9,     5], device='cuda:0')), (-61.361188888549805, tensor([    2, 24671, 21723,  4500,    18,   320,  1221,  8142,    34,    16,
           28,    66,    13,    62,     7], device='cuda:0')), (-50.70337390899658, tensor([    2,   133,   468, 10149,  6912,    34,    57, 16372,    13,  1089,
          468, 10149,     4,  1089,   468], device='cuda:0')), (-59.13345146179199, tensor([    2, 24270, 12070,     9,    34,  1027,    10,    78,    11,     5,
           78,    86,    13,   727,   212], device='cuda:0')), (-77.58444023132324, tensor([   2,  250, 5893,    8,   16,  703,    5, 3520, 3156,   10, 4511,   13,
          18,    5, 1089], device='cuda:0'))]
***
curlen  15
EXPFT input path  tensor([[    2, 12815,  1156,   815,  1960, 33270,  2359,  2359,    34,    45,
          2181,  2181,     7,  3526,   984],
        [    2,  9089,  2275, 19931, 19931,  1960, 33270,    34,  4407,  4407,
            45,     7,  3526,    10,     8],
        [    2, 21169,    12,     8,  2000, 19931,  1960,    16,  2296,  2296,
            10,   984,    10,   984,  1103],
        [    2,   448, 40741,  3463,  8142,   397,  3086, 21723,   293,    40,
            57,  3447,    66,    13,     5],
        [    2, 12815,  1221,  8142,   397,  3086, 21723,   293,    40,    34,
          2649,     5,  1079,     9,     5],
        [    2, 24671, 21723,  4500,    18,   320,  1221,  8142,    34,    16,
            28,    66,    13,    62,     7],
        [    2,   133,   468, 10149,  6912,    34,    57, 16372,    13,  1089,
           468, 10149,     4,  1089,   468],
        [    2, 24270, 12070,     9,    34,  1027,    10,    78,    11,     5,
            78,    86,    13,   727,   212],
        [    2,   250,  5893,     8,    16,   703,     5,  3520,  3156,    10,
          4511,    13,    18,     5,  1089]], device='cuda:0')
EXPFT beam_scores  tensor([-8.2274, -8.4020, -9.6715, -4.7554, -4.9317, -7.3373, -8.4754, -9.1294,
        -9.9612], device='cuda:0')
EXPFT beam_idx:  tensor([1, 2, 0, 3, 4, 5, 7, 7, 7], device='cuda:0')
EXPFT beam_next_tokens:  tensor([ 418,    4,  134,  191, 1079,  411, 4038,  696, 4115], device='cuda:0')
****************
SEQ OUT 2 BEAM EXPFT: 
---



---



---
The Vogue Cambridge has been photographed for British Vogue.


---
****************
